1
8426
1
44215
1
41682
1
43969
1
53741
1
60751
1
43521
1
7393
0
42975
0
34570
0
38381
0
39686
0
42112
0
47430
0
54278
0
59895
0
63267
0
65069
1
242
1
947
1
1899
1
2443
1
2351
1
2307
1
2531
1
2864
1
1893
1
1624
1
631
1
1810
1
1706
1
2286
1
913
0
65448
0
64133
0
63670
0
63088
0
60895
0
55130
0
50914
0
61396
1
18199
1
36926
1
43531
1
42200
1
41913
1
40919
1
40204
1
39817
1
51770
2
35557
3
13804
2
56246
1
52570
0
58646
0
54217
0
57526
0
58382
0
58665
0
59975
0
61196
0
57878
0
53119
0
32066
1
44445
2
32617
2
30622
2
36209
2
49189
2
56330
2
28284
1
41227
0
63965
0
51372
0
56773
0
58627
0
62144
1
4581
1
14909
1
23233
1
28374
1
31351
1
32525
1
33422
1
34564
1
35263
1
35136
1
34942
1
35042
1
35385
1
34374
1
34180
1
32964
1
34940
1
35343
1
36297
1
33942
1
31932
1
29693
1
28977
1
28301
1
25928
1
18200
1
10480
1
21449
1
52590
2
19057
2
35004
2
36339
2
34754
2
31867
2
28479
2
26241
2
36090
3
27849
4
35075
4
33024
3
12451
1
46297
1
14595
1
19342
1
22153
1
23766
1
26983
1
24337
1
11388
0
61782
0
34532
1
43006
2
31626
2
34093
2
42579
2
51665
2
52733
2
21112
1
36794
0
61665
0
49637
0
55122
0
57061
0
60332
1
2949
1
13422
1
21449
1
26147
1
29059
1
30374
1
31229
1
32015
1
32255
1
32207
1
32288
1
31362
1
30066
1
28532
1
28912
1
29081
1
31134
1
32514
1
34034
1
32144
1
30001
1
27414
1
26539
1
26305
1
25073
1
19091
1
9355
1
13324
1
40186
2
11611
2
36270
2
42426
2
39904
2
35606
2
30058
2
26040
2
23821
2
51526
3
61183
4
46189
4
5132
2
33479
1
25770
1
15768
1
21664
1
25279
1
24292
1
12756
0
55064
0
31245
0
12958
1
45146
2
36828
2
43189
2
50885
2
53089
2
48066
2
15750
1
34971
0
61312
0
49225
0
54780
0
56538
0
59513
1
1799
1
11938
1
19926
1
24486
1
26720
1
27749
1
28333
1
29275
1
29529
1
29618
1
30032
1
28241
1
25488
1
22820
1
22510
1
22619
1
24878
1
28331
1
32221
1
31474
1
29232
1
26064
1
24984
1
24547
1
23763
1
19010
1
9554
1
9414
1
31583
2
2573
2
31548
2
41893
2
40437
2
36383
2
31478
2
27766
2
23190
2
26020
3
11573
4
27150
4
47438
3
36352
1
63224
1
16210
1
20613
1
22647
1
12179
0
55511
0
31245
0
17057
0
8211
1
48790
2
43552
2
48143
2
50986
2
48310
2
43524
2
13432
1
33694
0
59807
0
47993
0
54195
0
56002
0
59020
1
1157
1
11014
1
18504
1
22314
1
23702
1
24720
1
25220
1
26558
1
26909
1
27021
1
27245
1
25570
1
23792
1
24488
1
29112
1
33013
1
32594
1
29418
1
27637
1
26356
1
26408
1
25188
1
24425
1
23468
1
22019
1
17572
1
9053
1
7651
1
26047
1
57858
2
20977
2
33270
2
34748
2
32526
2
29915
2
27423
2
23066
2
14959
2
33920
3
46787
4
53933
4
31739
2
58149
1
34452
1
12462
1
7924
0
53344
0
31168
0
17106
0
12974
0
8312
1
53012
2
46724
2
42351
2
38711
2
37908
2
41181
2
14280
1
33338
0
58666
0
46681
0
53100
0
55402
0
58870
1
815
1
10234
1
17110
1
20707
1
22311
1
23354
1
23408
1
24550
1
25323
1
26801
1
31132
1
35889
1
43824
1
55366
2
6994
2
19241
2
22458
2
14904
1
65481
1
44151
1
29140
1
22911
1
23857
1
22854
1
20169
1
15339
1
7519
1
5976
1
22243
1
49048
2
9631
2
22578
2
26898
2
26934
2
24916
2
22055
2
16681
2
7802
2
6316
2
57785
4
21343
4
63318
3
62668
2
14105
1
7252
0
48985
0
29715
0
17296
0
13499
0
13206
0
7945
1
56469
2
40737
2
22197
2
15823
2
26631
2
42777
2
17290
1
33385
0
57137
0
44157
0
50915
0
54167
0
58392
1
381
1
9228
1
15424
1
18743
1
20597
1
22236
1
24158
1
28381
1
29638
1
32347
1
37655
1
48338
1
63283
2
18450
2
45736
3
2392
3
13412
3
12320
3
2344
2
41883
2
5071
1
37990
1
22139
1
19110
1
17200
1
12052
1
4586
1
3449
1
19868
1
44191
2
1741
2
12668
2
17980
2
18593
2
15704
2
11374
2
5973
1
64927
1
59199
2
15173
3
29929
4
54380
4
47149
3
4719
1
13397
0
25267
0
16284
0
13572
0
13815
0
12732
0
7636
1
56008
2
24435
1
58782
1
57678
2
20685
2
46220
2
19198
1
32592
0
54971
0
41559
0
48668
0
52853
0
57161
0
64173
1
6585
1
12728
1
16483
1
18810
1
22278
1
24124
1
28301
1
27986
1
33236
1
41465
1
55476
2
7580
2
32476
3
1154
3
33032
3
57072
4
3861
4
4525
3
52075
3
14819
2
28873
1
46447
1
18029
1
8644
1
6958
1
1030
1
634
1
18949
1
44086
1
64674
2
4988
2
7854
2
8656
2
6121
2
1911
1
63205
1
59670
1
56876
1
60304
2
43098
4
6415
4
23208
3
4615
1
4136
0
12615
0
12585
0
13581
0
13218
0
11932
0
7500
1
45417
1
64864
1
29028
1
41391
2
20119
2
48598
2
19246
1
30536
0
52983
0
39913
0
47498
0
51659
0
55709
0
62222
1
3928
1
9649
1
13263
1
16964
1
20922
1
21275
1
23505
1
23617
1
31487
1
38834
1
49865
1
62015
2
16932
2
48302
3
20268
3
53793
4
14546
4
32991
4
38838
4
20740
3
46236
2
57475
2
414
1
24616
1
1503
0
61531
0
63012
1
18812
1
47543
2
2611
1
65164
1
58804
1
58341
1
61107
1
62868
1
59961
1
58664
1
57765
1
58513
2
13437
2
63694
2
65324
2
5819
0
48920
0
10306
0
13092
0
13595
0
13376
0
18908
0
14325
1
22983
1
34750
1
5189
1
33789
2
21026
2
48829
2
18206
1
28468
0
51535
0
39587
0
47588
0
51628
0
55316
0
61091
1
2466
1
8274
1
12121
1
15743
1
17016
1
14344
1
13183
1
14709
1
23209
1
32371
1
41916
1
51833
2
2829
2
33979
3
12391
3
52575
4
13035
4
28386
4
46001
4
61703
4
58024
4
30728
3
30279
2
15046
1
16406
0
54040
0
59427
1
18081
1
50177
2
7021
1
61080
1
40017
1
35545
1
46047
1
59964
1
60049
1
59095
1
58916
1
63207
1
62942
1
60850
1
27386
0
55099
0
19133
0
11809
0
13159
0
14600
0
19288
0
40244
0
34574
0
60736
1
5782
0
57576
1
31899
2
20565
2
47898
2
17622
1
27903
0
51588
0
40302
0
48172
0
51711
0
55422
0
61207
1
2721
1
8463
1
12115
1
13714
1
11365
1
8090
1
7574
1
11826
1
20023
1
31164
1
42439
1
52399
1
63591
2
23837
2
64818
3
40999
4
9081
4
34990
4
58218
5
11030
5
24688
5
32254
5
1353
3
39804
1
64368
0
59623
0
52240
1
16322
1
51461
2
10709
1
60238
1
24237
1
10261
1
25350
1
52676
1
60202
1
58806
1
59603
1
62049
1
45950
1
9143
0
34713
0
13832
0
11801
0
12910
0
13777
0
20040
0
38377
1
9284
0
64229
0
39433
0
51058
0
53031
1
31054
2
18448
2
46193
2
17134
1
27938
0
51763
0
40565
0
48034
0
51570
0
55217
0
61382
1
2911
1
9586
1
12346
1
10884
1
6109
1
4603
1
7286
1
13722
1
21959
1
33884
1
45779
1
53985
1
60241
2
14663
2
54419
3
38916
4
16285
4
46722
5
2067
5
17258
5
28101
5
44789
5
47551
4
59230
3
23825
1
45553
0
64026
1
11034
1
49906
2
11494
1
61047
1
16497
0
54554
1
381
1
36345
1
55111
1
57629
1
58969
1
50558
1
19247
0
44439
0
17598
0
11922
0
13100
0
12933
0
16694
0
35026
1
3591
1
50897
1
28194
0
29537
0
41867
0
53375
1
30045
2
15554
2
43799
2
16520
1
28625
0
52287
0
40580
0
47839
0
51317
0
54845
0
61140
1
2700
1
14851
1
14609
1
11571
1
2066
1
3564
1
8402
1
17027
1
28535
1
41461
1
51075
1
52740
1
57089
2
16685
2
64179
3
51465
4
26004
4
53136
5
6126
5
16352
5
23309
5
31547
5
46519
5
35111
4
50085
3
5687
1
46844
1
16972
1
46155
2
11330
1
62556
1
15995
0
42352
0
40927
1
13460
1
46234
1
61242
1
56098
1
29492
0
56223
0
23920
0
12651
0
13516
0
13259
0
13679
0
28679
0
60053
1
41812
2
17480
1
47248
0
27336
0
39535
0
53160
1
28509
2
13146
2
42160
2
16300
1
29143
0
51984
0
39251
0
46439
0
50649
0
54499
0
59931
1
5132
1
26558
1
23636
1
16934
0
63723
1
3618
1
10788
1
22722
1
35673
1
45211
1
47069
1
49356
2
2550
2
41243
3
26114
4
2350
4
32461
4
49618
4
62522
5
6530
5
16649
5
24270
5
33089
5
44765
5
41888
4
39353
2
56607
1
47499
1
42179
2
10446
1
63137
1
17025
0
36172
0
33816
1
28283
2
30935
3
5290
2
32751
1
32039
0
34764
0
13855
0
13491
0
14193
0
12901
0
21919
0
50525
1
29709
2
8831
2
39167
1
56134
0
28018
0
40448
0
53063
1
27960
2
12519
2
42496
2
16862
1
29073
0
50849
0
37814
0
45352
0
49998
0
53868
0
57556
1
14420
1
43003
1
38967
1
20497
0
60433
1
4775
1
13561
1
25333
1
35323
1
39598
1
46572
1
62499
2
30715
3
7341
3
46775
4
8418
4
24515
4
36209
4
49558
4
62156
5
8613
5
16590
5
23595
5
32902
5
50313
5
30381
3
64710
2
34903
1
52037
2
8312
1
62542
1
15709
0
51714
1
11593
2
34769
3
52400
4
36196
3
33954
1
63163
0
31328
0
10929
0
13949
0
13406
0
17111
0
41015
1
17838
1
64574
2
31769
2
46923
1
57307
0
29522
0
42536
0
53626
1
27873
2
13142
2
45155
2
19846
1
30563
0
51027
0
37737
0
45475
0
50179
0
54010
0
56125
1
29463
1
56528
1
53009
1
17421
0
59399
1
5690
1
15092
1
24747
1
30220
1
38051
1
54307
2
19707
2
59759
3
29004
3
51934
3
65302
4
10061
4
21645
4
33955
4
47691
4
61209
5
4150
5
8461
5
16069
5
29460
5
41466
4
51443
3
36531
2
27693
2
11759
1
63345
1
43794
1
53837
2
48080
4
5748
5
9092
5
53188
4
31900
2
37225
0
38086
0
9900
0
13180
0
12858
0
29847
1
3770
1
53197
2
25523
2
42286
2
47116
1
53600
0
31661
0
45944
0
56239
1
29393
2
15534
2
49999
2
25498
1
34157
0
52404
0
38843
0
46757
0
50628
0
53671
0
55557
1
43962
1
63659
1
60551
1
9172
0
58351
1
4119
1
12822
1
20314
1
28721
1
43245
2
3223
2
36116
3
2392
3
25609
3
40405
3
51983
3
59396
4
1579
4
11462
4
27133
4
42049
4
49298
4
51210
4
59383
5
5625
5
22278
5
3928
4
18601
3
14134
2
41995
2
34821
2
51931
3
26212
4
19724
5
8060
5
37209
5
64066
4
45059
2
49823
0
42272
0
8664
0
11727
0
18677
0
52053
1
35818
2
16983
2
39212
2
44608
2
43645
1
49911
0
33248
0
48395
0
58379
1
31961
2
19791
2
57080
2
32931
1
39390
0
54558
0
39637
0
47098
0
50295
0
52549
0
57010
1
56746
2
7856
2
3911
1
6268
0
58759
1
1750
1
10508
1
22400
1
36001
1
55744
2
9738
2
32379
2
58265
3
14967
3
30975
3
37064
3
41154
3
46252
3
56936
4
6970
4
20555
4
26811
4
29148
4
37206
4
44784
4
51852
4
51691
4
32905
3
60007
3
34291
3
36756
4
9562
4
45888
5
11856
5
21301
5
29876
5
45281
4
22916
2
31743
0
32459
0
9236
0
14209
0
35323
1
15057
2
156
2
34807
2
44188
2
44133
2
40543
1
48006
0
33043
0
48336
0
58841
1
34025
2
23577
2
62216
2
37484
1
42212
0
55677
0
39850
0
46754
0
49309
0
50155
0
58668
1
64891
2
21116
2
18259
1
13888
0
61511
0
64918
1
11983
1
28323
1
45089
1
60589
2
6411
2
21296
2
42960
2
64267
3
14554
3
19833
3
26333
3
29500
3
35441
3
44534
3
56649
4
2433
4
9495
4
15284
4
14433
4
12912
4
14267
4
24034
4
20400
4
26525
4
37972
4
64654
5
13795
5
16355
4
65295
4
65169
4
63951
3
43671
1
61780
0
18919
0
10749
0
23972
0
60577
1
45881
2
24066
2
43341
2
46919
2
44501
2
41520
1
48845
0
31902
0
46912
0
58454
1
35884
2
26504
2
64993
2
39339
1
43411
0
56563
0
39816
0
46058
0
48403
0
47846
0
60806
2
5354
2
36791
2
36476
1
28915
1
3293
1
4063
1
18969
1
36675
1
48644
1
58240
2
1190
2
11816
2
29732
2
47272
2
62321
3
3485
3
8750
3
9960
3
13986
3
20513
3
31433
3
43752
3
49776
3
51161
3
47639
3
52100
4
82
4
22122
4
39635
4
55673
5
77
5
9228
5
16197
5
4742
4
33907
4
17073
3
59671
2
50720
1
20109
0
10840
0
16288
0
43538
1
24706
2
8576
2
37454
2
46740
2
47067
2
45217
2
43527
1
50547
0
31416
0
46566
0
58930
1
37069
2
27474
2
65350
2
40057
1
44084
0
57392
0
39635
0
45811
0
47975
0
46122
0
62578
2
11749
2
54638
2
60345
1
51208
1
17899
1
12073
1
25400
1
39526
1
46264
1
52859
1
59953
2
3781
2
13807
2
21951
2
30043
2
36723
2
42855
2
47701
2
52116
2
58685
2
63665
3
5140
3
10524
3
21527
3
36487
3
57846
4
14549
4
34956
4
50483
4
61636
5
4759
5
14549
5
17916
4
44917
3
46564
3
21040
2
51650
1
64418
0
46142
0
9783
0
28553
1
2492
1
53548
2
28009
2
42713
2
46668
2
44901
2
44762
2
43408
1
50631
0
32157
0
47984
0
61045
1
39443
2
29458
3
1542
2
42049
1
45447
0
57725
0
38937
0
45497
0
47823
0
45081
0
61623
2
17214
3
5922
3
14813
2
3531
1
26952
1
18416
1
27155
1
37457
1
42104
1
45214
1
51909
1
58325
1
62805
1
58636
1
52864
1
60055
2
642
2
7413
2
4204
2
3561
1
65302
2
9061
2
36702
3
14478
3
54328
4
19052
4
37986
4
49689
4
57544
5
2585
5
7998
5
2503
4
37694
3
36907
2
55770
2
44428
2
13277
1
24179
0
21623
0
14827
0
46397
1
28844
2
13747
2
39592
2
45422
2
44651
2
42052
2
41824
2
40679
1
48735
0
33694
0
50304
0
63054
1
41303
2
30865
3
2977
2
43688
1
46496
0
57780
0
38191
0
45228
0
47845
0
45354
0
56865
2
16559
3
16557
3
29734
2
19403
1
31775
1
22769
1
25686
1
34727
1
37538
1
40015
1
43201
1
45772
1
40342
1
25141
1
8689
1
14745
1
20900
1
30043
1
20369
1
14985
1
16745
1
47210
2
39714
3
38955
4
17631
4
40013
4
46403
4
52968
4
58853
4
59424
4
33947
3
60581
3
12564
2
41739
2
22911
2
13530
1
36609
0
53881
0
12023
0
26079
1
2252
1
55681
2
33203
2
47778
2
48687
2
44752
2
41436
2
40006
2
38229
1
46948
0
35540
0
52279
0
63966
1
41665
2
30702
3
2676
2
43802
1
47092
0
58117
0
37912
0
45102
0
48014
0
46882
0
50029
2
240
3
10848
3
35064
2
35495
1
36488
1
23591
1
23900
1
29513
1
31771
1
33574
1
33086
1
25656
1
11303
0
58055
0
45655
0
51258
0
58733
0
60991
0
50005
0
50130
1
13451
2
5674
3
10279
3
64461
4
25672
4
37367
4
42441
4
40950
4
22335
3
59329
3
22328
2
54917
2
29353
2
16039
2
5875
1
39638
0
60566
0
24205
0
13111
0
41806
1
25306
2
16181
2
48082
2
56695
2
53284
2
47768
2
43207
2
40435
2
37667
1
46209
0
37168
0
53424
0
62805
1
39622
2
28749
3
1926
2
43936
1
47663
0
58374
0
37382
0
44272
0
47290
0
47858
0
46558
1
37310
2
55615
3
30843
2
57171
1
50483
1
26143
1
23304
1
26218
1
26727
1
23600
1
15067
0
64734
0
51131
0
36753
0
31739
0
31685
0
39543
0
45389
0
52635
1
17231
2
10964
3
11405
3
56506
4
6736
4
14290
4
23104
4
26806
3
63458
3
16531
2
32956
2
12074
2
12134
2
17168
2
13960
1
41879
0
59872
0
22694
0
11406
0
21179
0
58588
1
49042
2
36440
2
59501
2
62788
2
57146
2
51804
2
46869
2
43376
2
39101
1
46520
0
38325
0
53806
0
60692
1
36211
2
26353
3
2111
2
45437
1
48743
0
58330
0
36677
0
43523
0
46769
0
48442
0
48616
1
9408
2
27012
3
21297
3
10638
2
4229
1
23492
1
21539
1
22696
1
18861
1
6811
0
58571
0
41071
0
34320
0
24786
0
25721
0
23112
0
30653
0
41145
1
6534
2
996
3
5733
3
54487
4
211
3
60424
4
119
4
13640
4
22384
3
33899
2
22400
1
25322
1
39568
2
5701
2
13661
1
41705
0
57613
0
23881
0
11972
0
13710
0
31735
1
9896
2
5166
2
49442
3
1895
3
102
2
60407
2
55578
2
50690
2
46576
2
40890
1
47185
0
38587
0
53401
0
58629
1
33059
2
24317
3
2531
2
47207
1
49933
0
58642
0
36672
0
43802
0
47140
0
49209
0
53086
0
58508
2
4404
3
2979
3
9162
2
6757
1
16976
1
19039
1
15846
1
4573
0
49160
0
36479
0
26495
0
29348
0
29382
0
27077
0
23002
0
30650
0
59271
1
48284
2
52974
3
39089
3
59624
3
49398
3
48783
3
63751
4
20196
4
31471
3
32876
2
9958
1
5108
1
23942
1
45763
1
31577
0
48762
0
20457
0
13578
0
13225
0
18375
0
46729
1
28714
2
19647
2
53438
3
2345
2
65390
2
62042
2
58361
2
53738
2
48903
2
42281
1
47787
0
37933
0
52481
0
57300
1
31069
2
22993
3
2898
2
49259
1
52025
0
60067
0
37921
0
45385
0
48851
0
51974
0
58520
0
58090
1
50352
2
41102
2
48517
1
63559
1
11129
1
10799
0
65169
0
48372
0
31227
0
24233
0
21256
0
27663
0
33547
0
30918
0
37288
0
61476
1
38961
2
32925
3
16889
3
42270
3
37009
3
24332
3
41185
4
5725
4
35937
4
56402
4
9135
2
41601
1
12385
1
5501
1
10648
0
62912
0
19976
0
13904
0
15485
0
13451
0
27952
1
959
1
53269
2
29946
2
49831
2
56509
2
56306
2
57365
2
56879
2
54077
2
49003
2
41403
1
47138
0
36791
0
51076
0
56069
1
29912
2
22895
3
3775
2
51064
1
53637
0
61909
0
39836
0
47508
0
50829
0
54360
0
61038
0
63318
1
33888
2
5378
2
8952
1
46868
1
6897
0
65079
0
44194
0
30831
0
20949
0
19063
0
18802
0
24336
0
33740
0
40154
1
157
1
48872
2
34445
3
16802
3
31849
3
30853
3
14472
3
10389
3
41328
4
14026
4
49438
5
7665
4
45544
3
9665
1
28542
0
60129
0
62323
0
59560
0
21439
0
15951
0
15677
0
16201
0
42280
1
25029
2
13496
2
41952
2
50777
2
49624
2
47604
2
46551
2
45290
2
44217
2
41791
2
37115
1
45325
0
35407
0
49606
0
54996
1
29661
2
23565
3
5797
2
53286
1
55336
0
62793
0
40881
0
48652
0
52265
0
55962
0
62258
1
4583
1
21919
1
40362
1
43886
1
31788
1
4141
0
51419
0
30718
0
24063
0
19317
0
18963
0
18280
0
22394
0
33402
0
59645
1
41183
2
41383
3
18997
3
31879
3
11447
2
58166
2
55260
3
5142
3
41687
4
13086
4
46033
5
6709
4
61293
3
31690
1
43496
0
55813
0
57740
0
60640
0
28234
0
16786
0
15583
0
22963
0
58304
1
48257
2
31913
2
51962
2
54021
2
49711
2
45276
2
40630
2
36347
2
33570
2
30694
2
27086
1
39180
0
35063
0
49097
0
54284
1
28640
2
23337
3
7095
2
55290
1
56747
0
63557
0
41340
0
48828
0
52404
0
54215
0
60631
1
11885
1
23513
1
28376
1
24124
1
12839
0
60079
0
42353
0
28418
0
25949
0
19868
0
19304
0
19290
0
22958
0
46557
1
34217
2
30136
3
19217
3
25710
3
6004
2
29770
2
2964
2
10010
2
40378
3
22159
3
62816
4
27012
4
36527
4
11480
2
57552
1
25961
0
50191
0
56322
0
60628
0
34809
0
16577
0
15794
0
33011
1
9564
2
1906
2
40657
2
55888
2
56578
2
54261
2
48380
2
40719
2
34307
2
30286
2
26072
2
19648
1
33115
0
34299
0
47823
0
52568
1
27045
2
22767
3
8043
2
56921
1
57656
0
63362
0
40268
0
47211
0
49807
0
58561
1
8953
1
35892
1
44119
1
30964
1
12385
0
58162
0
51107
0
39338
0
32008
0
26463
0
22119
0
20232
0
20398
0
33112
1
13997
2
27507
3
16688
3
23470
2
45604
1
62168
1
29567
1
12765
1
31348
1
64267
2
52789
3
41021
3
60071
3
39222
2
48620
1
48895
0
56313
0
41242
0
57251
0
61542
0
40184
0
15664
0
17488
0
45227
1
27503
2
16040
2
41613
2
49276
2
49303
2
50680
2
48789
2
44073
2
39147
2
33550
2
25706
2
14284
1
27758
0
33458
0
45702
0
49119
1
24233
2
22450
3
10397
2
59383
1
58941
0
63783
0
40192
0
46713
0
46368
0
63988
1
32900
1
64592
1
56309
1
19372
0
55136
0
41132
0
44515
0
39197
0
34440
0
23834
0
22064
0
19000
0
21819
0
53682
1
61499
3
16675
3
36233
2
55557
1
42069
1
4729
1
19001
1
19342
1
24775
1
23176
2
19222
3
21035
3
22225
2
38501
1
30667
0
57153
0
29511
0
32274
0
58692
0
62958
0
44062
0
14679
0
22549
0
59332
1
46792
2
26467
2
41224
2
41345
2
39586
2
40958
2
40702
2
39185
2
36678
2
30669
2
21125
2
11256
1
26446
0
32856
0
43630
0
45375
1
21471
2
22905
3
14179
2
63449
1
61743
1
2
0
42586
0
48827
0
50457
1
11209
1
56770
2
9473
1
51640
1
246
0
42124
0
35820
0
49294
0
47483
0
38953
0
20439
0
18521
0
17229
0
33157
1
26047
2
44699
3
33432
3
11279
2
4081
1
6216
0
55412
1
35117
1
50686
1
48200
1
19771
2
9589
3
10995
3
4168
2
11464
1
5825
0
48753
0
25946
0
27810
0
61319
0
65531
0
48192
0
14910
0
31317
1
10018
1
64786
2
32826
2
39442
2
36788
2
36065
2
36541
2
34113
2
29812
2
24164
2
20185
2
23296
2
35075
1
50916
0
32024
0
41401
0
41464
1
18242
2
22400
3
17991
3
3205
2
704
1
2880
0
44991
0
56415
1
376
1
18401
1
42910
1
39407
1
19941
0
49037
0
37505
0
36342
0
54365
0
55595
0
43296
0
20087
0
12583
0
19410
0
59238
2
6441
3
615
3
5493
2
23858
1
48674
1
26368
1
31846
2
10544
2
24161
2
10239
1
30450
2
10281
3
10477
3
10987
2
22494
1
20007
0
61458
0
31615
0
27252
0
64665
1
2962
0
52986
0
16779
0
42625
1
26595
2
12918
2
35494
2
36674
2
33415
2
32832
2
31324
2
26399
2
18832
2
20653
2
35636
2
60767
3
20324
2
20804
0
29742
0
37850
0
37546
1
14897
2
20515
3
18783
3
6202
2
3820
1
5059
0
49388
1
1461
1
17099
1
20542
1
15783
1
862
0
62207
0
47014
0
39451
0
36652
0
56043
0
64118
0
48518
0
23681
0
12667
0
34906
1
38192
2
37156
2
54552
2
12533
1
50106
1
56164
2
8581
2
20982
2
37314
2
39259
2
16095
1
42861
2
9557
3
14171
3
34451
2
53058
1
39147
1
1065
0
34538
0
28549
1
1207
1
3796
0
56236
0
20881
0
55213
1
43397
2
23088
2
36865
2
34401
2
31515
2
30261
2
26070
2
17775
2
18376
2
42047
3
16507
3
54604
4
12664
2
57929
0
24797
0
31538
0
32579
1
11382
2
17199
3
15728
3
4281
2
2917
1
5304
0
50008
1
4781
1
18114
1
9978
0
52462
0
43791
0
48763
0
46888
0
33476
0
29004
0
41494
0
57112
0
50239
0
33573
0
23862
1
2879
2
10284
2
38821
2
6761
1
27200
1
30496
2
750
2
34773
2
54915
2
61670
2
47845
2
18647
1
46438
2
2792
3
14765
3
44901
3
7779
1
51065
1
5661
0
39814
0
27538
1
478
1
3595
0
59019
0
29186
1
4898
1
61089
2
32255
2
37707
2
31969
2
27705
2
24820
2
17766
2
13837
2
35430
3
17836
4
7638
4
39303
4
51183
3
13407
0
21100
0
26775
0
29301
1
8517
2
12892
3
9606
2
63882
1
64642
1
6643
0
57212
1
8637
1
14185
0
65469
0
50041
0
53589
0
55986
0
47720
0
25314
0
21023
0
30392
0
56691
0
59253
0
48985
0
46854
1
40908
2
24969
2
9051
1
20293
0
63491
1
26516
1
62378
2
34282
2
63183
3
6885
2
51399
2
15719
1
41404
1
55880
3
6706
3
40850
3
17875
1
59871
1
10052
0
42142
0
24278
0
63430
1
3042
0
62377
0
42370
1
21434
2
11854
2
39118
2
37976
2
30745
2
25222
2
20050
2
11594
2
23337
3
2676
3
64021
4
45865
4
64508
5
6244
3
27667
0
19708
0
24504
0
26799
1
5691
2
9163
3
5328
2
60351
1
63026
1
8857
0
58936
1
2797
1
2864
0
54777
0
49934
0
58859
0
60870
0
49557
0
23719
0
17710
0
27329
0
52527
0
57321
0
56580
1
9382
1
60665
2
2738
1
27947
0
48513
0
57274
1
22758
1
50816
2
15748
2
42763
2
52620
2
33084
2
361
1
32910
1
43043
2
62372
3
29754
3
17664
1
57373
1
5014
0
38083
0
19311
0
59473
1
3485
1
3720
0
60746
1
38546
2
24186
2
41250
2
35883
2
29540
2
24085
2
16082
2
13142
2
46973
3
39734
4
33662
4
65218
5
15268
5
25658
3
41412
0
19963
0
24546
0
27381
1
6124
2
8340
3
3579
2
59377
1
64159
1
10017
0
58297
0
62897
0
62883
0
51677
0
51879
0
61384
1
3808
0
58321
0
33845
0
20557
0
33452
0
47649
0
53421
1
10006
1
44231
1
65087
1
29457
0
51749
0
35336
0
58919
1
18069
1
42199
1
64935
2
21182
2
31347
2
16814
1
53386
1
22447
1
24901
2
35962
3
2845
3
422
1
47008
0
60928
0
31314
0
15535
0
54215
1
3131
1
12731
1
16372
1
54448
2
31217
2
38997
2
32800
2
28256
2
23156
2
12852
2
23411
3
9260
4
7872
4
59862
5
14784
5
31320
5
38102
3
47963
0
19763
0
24981
0
31875
1
12165
2
12565
3
4687
2
60667
2
1399
1
8778
0
52456
0
52934
0
53073
0
44629
0
47400
0
57430
1
6773
1
741
0
50326
0
29189
0
39629
0
48054
0
60186
1
31727
1
50479
1
39043
0
53053
0
28578
0
39496
0
61769
1
15287
1
35581
1
53564
2
6433
2
17841
2
11103
1
55019
1
34696
1
43157
2
39478
2
58581
2
44407
1
30931
0
49555
0
24925
0
15342
0
48393
1
1591
1
22061
1
37518
2
3686
2
34814
2
35649
2
29647
2
26370
2
21639
2
11896
2
39566
3
33329
4
37563
5
12813
5
28518
5
40391
5
44228
3
51694
0
18220
0
24188
0
37022
1
19507
2
17918
3
5715
2
61726
2
3322
1
8844
0
50981
0
51836
0
52578
0
42027
0
41802
0
46910
0
64980
1
6138
0
64125
0
40966
0
50831
1
6754
1
28789
1
51375
1
33233
1
6920
0
27587
0
26417
0
43577
0
64206
1
14479
1
31838
1
46162
1
61283
2
7427
2
8860
1
63438
2
143
2
24973
3
2803
2
60343
2
18830
1
11280
0
37725
0
20803
0
17379
0
41528
0
64147
1
28767
1
55148
2
15450
2
35874
2
33026
2
26843
2
23652
2
17701
2
11864
2
53410
3
53301
4
61591
5
25890
5
37989
5
45396
5
49042
3
55827
0
15644
0
21898
0
39605
1
24933
2
23507
3
9168
2
64065
2
5443
1
11979
0
54675
0
54456
0
50525
0
35065
0
36926
0
41202
0
56703
1
2928
1
2157
1
4443
1
30884
1
59957
1
63296
1
36484
0
59878
0
35016
0
16590
0
28386
0
42540
0
63465
1
12749
1
29002
1
40175
1
48262
1
53824
1
56489
1
55456
2
6830
2
39103
3
649
2
45777
1
54663
0
59045
0
27075
0
20419
0
20458
0
35561
0
61867
1
33202
2
3091
2
23197
2
35350
2
30923
2
25479
2
22416
2
14910
2
13112
2
64408
4
7100
5
15791
5
37610
5
44970
5
50478
5
55279
3
60330
0
12900
0
19361
0
39571
1
27241
2
28397
3
14331
3
3416
2
11253
1
18964
0
60598
0
56714
0
47492
0
30544
0
39243
0
45179
0
56922
0
62462
1
1430
1
29202
2
2867
2
26460
1
64973
1
7731
0
31985
0
17871
0
16176
0
26121
0
37340
0
57604
1
7654
1
24356
1
35917
1
39926
1
37198
1
32003
1
36631
1
64827
2
30152
2
43188
2
13161
1
23516
0
41825
0
18979
0
20709
0
22203
0
30996
0
62856
1
38545
2
15154
2
29428
2
36390
2
31246
2
25967
2
22389
2
13053
2
15548
3
11223
4
27450
5
33818
5
48364
5
51445
5
55988
5
58684
3
61655
0
10541
0
17724
0
38597
1
27167
2
30467
3
17898
3
7764
2
13138
1
22742
0
59988
0
57281
0
41802
0
30482
0
48351
0
61668
1
5395
0
65010
1
8294
1
54711
2
30863
2
28410
1
39659
0
42450
0
19774
0
15134
0
17316
0
23530
0
30856
0
47657
0
63140
1
15735
1
30032
1
35211
1
29655
1
18957
1
19018
1
33803
1
50981
1
54587
1
31518
0
57572
0
26769
0
15584
0
21917
0
24189
0
29817
1
1177
1
45342
2
25902
2
35141
2
39397
2
34623
2
29552
2
24210
2
11698
2
17843
3
24621
4
47148
5
52217
5
58997
5
58232
5
57735
5
55525
3
57988
0
8960
0
18487
0
39769
1
26782
2
28666
3
15954
3
8333
2
11756
1
21167
0
54664
0
53073
0
37111
0
30602
0
53710
1
8659
1
21449
1
9862
1
13982
1
57338
2
12141
1
63246
1
1491
0
26459
0
14316
0
15126
0
16753
0
20394
0
24757
0
35722
0
49723
1
3018
1
22045
1
34653
1
36259
1
31910
1
36979
1
52385
1
64531
1
51793
1
14049
0
39836
0
17320
0
16174
0
23651
0
26730
0
30616
1
5903
1
52368
2
35495
2
40640
2
42897
2
38364
2
33030
2
26188
2
10118
2
20812
3
37691
4
64554
6
1290
5
65164
5
61798
5
57167
5
51952
3
54821
0
7927
0
18852
0
40054
1
25251
2
24865
3
11928
3
6236
2
6070
1
14339
0
43545
0
46678
0
32904
0
30755
0
51426
1
4744
1
23088
1
20016
1
25770
1
48599
1
44793
1
19071
0
38583
0
16273
0
15341
0
15182
0
15947
0
17819
0
20378
0
25652
0
34455
0
50553
1
5459
1
26056
1
40915
1
53659
2
1266
2
11121
2
7743
1
39901
0
60992
0
25672
0
14674
0
18830
0
26514
0
30369
0
33208
1
9683
1
55980
2
38483
2
40652
2
42489
2
39316
2
34193
2
25884
2
6792
2
25940
3
50246
5
13757
6
9049
6
1090
5
60164
5
45867
5
22789
3
28776
0
7063
0
17670
0
38595
1
23392
2
21343
3
7288
3
612
2
10742
1
20819
0
49889
0
41411
0
27531
0
24680
0
47353
0
64076
1
19501
1
19306
1
30611
1
44175
1
25897
0
60182
0
24617
0
15416
0
16690
0
14679
0
14546
0
15624
0
17537
0
20185
0
25884
0
39997
0
60849
1
18158
1
39856
1
63795
2
22295
2
36482
2
28949
1
48568
0
61886
0
22180
0
14392
0
19807
0
29236
0
34455
0
37156
1
11830
1
49109
2
21974
2
18626
2
24394
2
28045
2
27872
2
21901
2
3059
2
36582
3
62594
5
25660
6
4862
5
55881
5
30065
4
48151
3
56633
2
18258
0
11098
0
18841
0
32032
1
15157
2
13872
3
1992
3
711
2
19252
1
30731
0
53099
0
37724
0
24655
0
24169
0
42958
0
57517
1
13555
1
19527
1
33747
1
34122
1
21756
0
57993
0
35546
0
19280
0
17697
0
15158
0
14076
0
14955
0
16518
0
18684
0
25829
0
41410
0
62603
1
18323
1
38945
1
62070
2
16901
2
36144
2
48895
2
38366
2
5678
1
20063
0
44631
0
26205
0
28744
0
36267
0
40613
1
11830
1
41417
2
2256
1
57036
1
59108
1
62463
1
65116
1
64220
1
53527
2
41914
4
2245
5
29559
5
56414
5
24423
4
26904
3
9184
2
2807
1
4879
0
33006
0
39847
0
32513
1
4510
2
2048
2
60667
2
63547
2
26604
1
39441
0
57926
0
35885
0
25898
0
31257
0
43337
0
57314
1
6808
1
12029
1
23506
1
34468
1
36237
1
13401
0
49501
0
25676
0
18276
0
15939
0
14621
0
15337
0
16839
0
19287
0
31259
0
50098
1
6484
1
23169
1
37649
1
52400
2
2050
2
28877
3
3179
3
30865
3
29634
2
60796
2
6217
1
15781
0
45772
0
33056
0
40582
1
10759
1
39415
1
59943
1
46626
1
42732
1
40052
1
37144
1
36591
1
31110
2
36147
3
63888
5
28015
5
25647
4
23812
2
56401
1
31358
0
45706
0
20020
0
64794
1
13284
0
52815
1
3380
1
59750
2
57624
3
3268
2
34671
1
40349
0
51925
0
26672
0
26210
0
34407
0
37068
0
47950
0
58494
0
65214
1
6980
1
24589
1
38343
1
31805
1
571
0
38172
0
20439
0
16757
0
16111
0
16489
0
19860
0
21667
0
36907
0
56156
1
14623
1
29647
1
40243
1
49179
1
62039
2
27940
3
14699
4
447
4
28561
4
22826
3
52541
2
50207
1
38432
0
47739
0
36296
1
10314
1
47814
2
6006
1
60942
1
49348
1
37570
1
26947
1
22814
1
23272
2
39571
4
5315
5
23531
4
43583
3
8409
1
34989
0
48689
0
36087
0
25922
1
19426
1
49983
1
22530
1
17456
1
59576
2
60711
3
5844
2
34513
1
33140
0
46306
0
20482
0
25103
0
34240
0
32487
0
37170
0
40523
0
47349
0
59384
1
19694
1
38848
1
39805
1
15467
0
51922
0
28896
0
15999
0
17153
0
17001
0
24615
0
26394
0
40926
0
56140
1
14381
1
30771
1
40316
1
48888
1
63932
2
28121
3
4451
3
45045
4
16811
4
48471
4
61043
4
28394
2
65250
1
30795
0
44996
1
9710
1
55954
2
17931
2
13260
2
3394
1
56683
1
41235
1
31837
1
41268
2
64251
4
30893
5
12924
3
53986
2
1974
0
55628
0
44100
0
48238
0
32878
1
16756
2
233
1
52570
1
36809
1
63742
3
1295
3
12227
2
35138
1
27964
0
41495
0
14204
0
21596
0
29550
0
29895
0
30323
0
28029
0
37115
0
49078
1
13083
1
37015
1
43214
1
33019
0
63219
0
40883
0
15543
0
17677
0
16878
0
28440
0
31440
0
45647
0
58236
1
16569
1
33149
1
41668
1
50688
1
65507
2
23589
2
54665
3
22096
3
58081
4
30225
5
3862
5
21007
4
28224
2
38224
1
12790
1
11374
1
60937
2
21280
2
17161
2
9371
2
562
1
54426
1
59886
2
30957
3
59837
5
3671
4
52857
3
870
1
24169
0
47458
0
53215
0
55035
0
36518
1
1439
1
63025
1
64083
1
49822
2
418
3
5776
3
14812
2
26837
1
17301
0
32360
0
12377
0
22405
0
31822
0
32522
0
26652
0
20688
0
31193
0
43287
1
6328
1
34613
1
47370
1
47013
1
7132
0
47006
0
15070
0
16701
0
17666
0
33784
0
39046
0
51643
0
61703
1
19303
1
34918
1
41147
1
49110
1
61660
2
15566
2
40593
3
5860
3
42331
4
17109
4
57716
5
31125
5
20532
3
42239
2
1100
1
22242
1
63541
2
21629
2
15928
2
7859
1
63421
1
59289
2
32142
3
33960
4
60658
5
17619
4
9253
2
19244
1
1051
0
52559
0
57382
0
56514
0
38035
0
56968
1
58655
1
65053
1
55412
2
384
3
5074
3
14448
2
22934
1
13613
0
28364
0
12175
0
22947
0
31555
0
32278
0
23488
0
17104
0
25261
0
37943
1
3956
1
28770
1
42984
1
36868
1
7068
0
49400
0
22430
0
18937
0
21849
0
41263
0
48027
0
57937
0
65336
1
23180
1
36196
1
40296
1
45434
1
55789
2
7564
2
29744
2
58870
3
29917
4
6751
4
49455
5
21677
5
43490
4
24172
2
54664
1
47333
2
469
2
21701
2
14094
2
5853
1
59209
2
572
3
4868
4
28391
5
39392
5
144
3
24843
1
43200
0
56292
0
54851
0
57160
0
54756
0
37479
0
48855
1
53423
1
62918
1
58772
2
514
3
3194
3
15268
2
22510
1
12951
0
26495
0
13109
0
21836
0
26857
0
26889
0
19786
0
16609
0
21475
0
35095
1
315
1
22303
1
35539
1
18363
0
60985
0
38897
0
24133
0
20394
0
28720
0
50845
0
57452
0
64864
1
5948
1
29762
1
39510
1
40447
1
42138
1
50068
2
273
2
20562
2
46957
3
16338
3
59474
4
38395
5
10125
5
41965
4
58161
3
31097
2
16419
2
2312
2
20885
2
14708
2
7486
1
60088
2
6338
3
16114
4
45074
5
35991
4
26446
2
43078
1
10823
0
51335
0
53385
0
55165
0
54179
0
36485
0
41621
1
48442
1
61790
1
62026
2
74
2
64044
3
13260
2
23348
1
14568
0
28670
0
14292
0
18373
0
21044
0
21011
0
18638
0
18023
0
23279
0
35741
0
58547
1
4568
1
15637
0
63393
0
49701
0
29976
0
22427
0
22462
0
36746
0
56847
0
61765
1
2773
1
13473
1
37078
1
43612
1
42713
1
41412
1
46647
1
60036
2
12727
2
35746
3
1984
3
44122
4
24021
4
64199
5
32029
5
18269
3
64492
2
41230
1
54078
1
65000
2
5218
2
7046
2
2343
2
9001
2
60950
4
21256
4
59835
3
52718
2
1835
0
56130
0
48592
0
50520
0
53248
0
51693
0
33635
0
35007
1
45837
1
64302
2
2497
2
910
2
60690
3
13217
2
24774
1
15882
0
29665
0
14743
0
17107
0
19263
0
19618
0
18182
0
17766
0
24943
0
43581
0
58635
0
64141
0
62522
0
47447
0
33298
0
16449
0
15271
0
25413
0
45194
0
58092
0
62392
1
4831
1
23199
1
42303
1
46694
1
45048
1
42067
1
44466
1
54530
2
5236
2
25934
2
53779
3
27160
4
6883
4
51415
5
21603
5
34794
4
26738
2
57773
1
35353
1
25435
1
35578
1
42717
1
54212
2
3155
2
50688
4
3753
4
15732
3
10592
1
26478
0
44051
0
45969
0
49531
0
52765
0
48533
0
30450
0
34559
1
50873
2
8698
2
13082
2
5044
2
58222
3
12527
2
24211
1
14752
0
29162
0
14486
0
16223
0
18577
0
19854
0
18218
0
16865
0
21581
0
42137
0
60391
1
966
0
57794
0
39335
0
25246
0
12344
0
15968
0
32853
0
50059
0
55884
0
61731
1
10135
1
31858
1
44126
1
47917
1
47396
1
44146
1
43768
1
49868
1
63126
2
15871
2
40469
3
9780
3
54023
4
36201
5
10649
5
39972
4
52414
3
9359
1
31584
0
57507
0
65277
1
1856
1
28049
2
5549
3
7339
4
3224
3
36756
2
21946
0
57240
0
39726
0
45749
0
50709
0
52522
0
44877
0
26078
0
41974
1
63107
2
24449
2
25161
2
12271
2
58713
3
14225
2
23624
1
12034
0
26429
0
14087
0
15266
0
17999
0
20244
0
19746
0
18369
0
19969
0
37306
0
59162
1
3220
0
52087
0
27867
0
12262
0
12098
0
22130
0
38103
0
48599
0
53402
1
54
1
19229
1
37516
1
43847
1
47699
1
48858
1
46996
1
44840
1
46745
1
56297
2
6273
2
28456
2
58473
3
33848
4
16235
4
61069
5
32675
5
8764
3
35401
1
54436
0
49252
0
45242
0
36045
1
2364
2
15010
3
29048
3
49697
2
38272
1
24465
0
37909
0
40366
0
46525
0
52066
0
52603
0
43830
0
22767
0
44554
1
64639
2
30412
2
30860
2
19364
2
60190
3
16859
2
22783
1
8880
0
23503
0
14536
0
16102
0
18778
0
22561
0
26552
0
25688
0
24456
0
29613
0
54506
0
65280
0
54516
0
25997
0
10340
0
13735
0
24863
0
39805
0
49689
0
60165
1
9389
1
27675
1
38929
1
43318
1
47487
1
51213
1
51837
1
49665
1
47985
1
52564
1
63984
2
17679
2
44089
3
15615
3
61058
4
42516
5
17749
5
25049
4
821
2
25237
0
65247
0
53611
0
42939
1
1161
2
7696
2
59334
2
46604
1
32954
0
51367
0
36722
0
42724
0
47630
0
54730
0
53971
0
42000
0
19384
0
38543
1
59504
2
38509
2
43836
2
31328
2
61096
3
16475
2
18310
1
3556
0
19631
0
15572
0
17892
0
21857
0
25665
0
35363
0
36304
0
37074
0
32243
0
46528
0
52698
0
44937
0
23768
0
12267
0
20847
0
34469
0
48253
0
59362
1
6183
1
19065
1
30747
1
37210
1
42156
1
46467
1
51718
1
54854
1
55281
1
53295
1
54560
1
61665
2
11010
2
33414
2
65430
3
41166
4
21759
4
65081
5
28265
4
26554
2
52740
1
17174
0
62132
0
63769
1
10196
1
47894
1
59616
1
36020
0
53164
0
38132
0
40582
0
43911
0
52971
0
59659
0
54087
0
36163
0
15819
0
25671
1
51618
2
50419
2
65511
2
47521
2
61593
3
13228
2
11568
0
62781
0
16668
0
17844
0
21315
0
28137
0
30916
0
42656
0
44072
0
47254
0
38516
0
42757
0
45521
0
40916
0
27221
0
20784
0
30881
0
46162
0
61447
1
8115
1
18141
1
24575
1
29954
1
34661
1
39574
1
44144
1
50679
1
55693
1
58694
1
58991
1
60162
1
65178
2
10105
2
28888
2
55549
3
26044
4
3048
4
46658
5
20228
4
48524
3
11899
1
38882
0
64795
1
11770
1
16559
1
22197
1
13280
0
63575
0
45215
0
42566
0
43248
0
52086
0
62108
0
62738
0
46471
0
29558
0
15533
0
12993
1
12334
1
63930
2
12108
1
61634
1
63361
2
6938
1
26786
0
39306
0
10393
0
12491
0
15147
0
20834
0
21909
0
29970
0
31507
0
34795
0
27753
0
25223
0
26456
0
24834
0
19689
0
17322
0
25927
0
38661
0
48866
0
54553
0
58329
0
60385
0
63254
1
395
1
3587
1
6499
1
10848
1
14674
1
17944
1
19656
1
21063
1
23756
1
29044
1
39967
1
55767
2
12498
2
39388
3
2723
3
30700
3
16984
2
15740
1
12135
0
44023
0
54851
0
56010
0
52566
0
47284
0
40524
0
34688
0
28648
0
28324
0
37547
0
45714
0
42852
0
27194
0
16982
0
10444
