537
613
778
536
987
1222
1001
701
797
973
835
780
946
899
692
541
444
496
675
781
664
597
742
1054
936
989
575
204
591
858
867
881
795
950
648
665
678
793
751
818
786
1006
807
911
715
790
726
877
928
1161
900
464
774
948
795
537
934
1156
785
411
478
459
729
982
755
419
697
754
907
916
732
475
707
879
880
806
499
174
383
614
603
450
713
745
871
753
840
1026
737
620
497
297
503
920
732
568
836
746
939
922
907
923
1083
971
1158
1039
859
810
633
354
325
223
465
771
554
409
399
397
581
819
875
968
631
312
519
826
750
497
747
1220
1020
1184
1335
1563
1502
1279
1068
773
1050
1183
1193
1226
969
562
704
628
753
926
795
538
970
1078
1109
891
814
538
993
1256
1302
1015
1086
735
925
632
992
1065
894
597
953
1013
992
606
947
912
1013
736
1177
1309
1108
990
945
979
1016
1071
1181
1334
1065
655
766
789
1002
1094
1145
1026
1141
1160
1233
1242
980
656
997
1225
1119
957
732
384
830
945
977
949
979
1047
1160
1323
1102
780
906
929
788
652
842
721
1022
1222
1143
1297
1087
1235
1004
998
1351
1640
1596
1552
1290
1264
925
672
646
444
693
750
635
489
539
550
773
882
1128
1199
854
303
717
871
1068
914
758
1134
1120
832
1354
1589
1586
1392
1125
628
1068
1260
1251
811
826
817
679
555
841
556
790
611
825
801
853
541
900
987
1292
1279
1369
1150
1022
656
739
843
809
798
651
350
610
809
664
432
653
900
802
690
950
976
1084
741
879
683
930
893
1211
1016
1170
926
1118
970
1070
862
1006
1145
989
940
1116
1034
1124
792
1105
1091
1031
608
676
709
764
1106
863
737
816
908
1050
1022
935
747
910
851
1189
1260
965
722
969
1176
1285
1080
1097
658
852
994
1086
1355
1602
1435
1508
1242
1062
950
995
923
912
615
733
465
768
782
975
755
1066
939
715
321
604
833
948
990
696
894
964
863
1265
1459
1599
1447
1251
978
1196
1458
1052
657
819
739
859
741
788
889
914
796
1020
916
946
699
1056
1238
1371
1301
1308
1123
1061
961
894
649
949
829
749
409
719
785
945
735
919
708
807
743
686
708
809
903
850
574
876
918
904
914
909
1099
1208
1322
1261
901
1109
702
1021
612
1073
1108
1053
1016
861
825
835
753
853
574
927
694
901
536
727
547
829
879
957
823
1136
1434
1301
1300
1130
986
977
850
1015
1148
937
682
851
998
805
763
1183
1627
1520
1114
1224
1341
1151
1120
981
928
757
754
824
1049
786
805
702
703
510
289
732
913
1070
595
781
1127
1038
999
1033
1278
1200
1238
1324
1309
1431
1321
1120
575
807
1012
783
612
900
973
950
887
1096
1238
1240
1038
1186
1072
1341
1220
1171
788
919
862
893
769
1000
1213
1027
762
877
978
1055
1261
1183
1013
831
451
627
484
997
1153
1198
1031
1071
991
956
623
1032
849
1229
1261
1202
1182
951
918
727
910
993
1157
1050
664
787
517
804
955
938
948
750
610
583
914
738
636
965
1077
1078
1010
1229
1468
1293
852
1035
1042
985
874
1052
1003
1038
1089
1023
875
819
673
986
1391
1382
1336
1375
1265
1137
1062
1048
721
1167
1061
1182
653
861
388
687
527
714
419
883
1066
913
694
939
1475
1184
719
983
818
1006
751
1078
1379
1131
1033
931
828
831
784
667
424
769
831
1041
657
1284
1365
1311
1024
945
805
1019
1125
1122
775
901
620
1018
1148
1211
998
1249
1295
1094
655
1135
1271
1377
1301
1047
597
816
863
1012
1227
1231
1361
1164
990
898
877
1022
1350
1266
938
1346
1214
1195
744
978
755
1053
979
931
639
819
805
988
781
1064
1098
953
548
832
591
905
1134
1186
1184
1322
1204
1267
906
1171
1156
957
622
1013
1325
972
665
924
1074
1191
1085
996
920
770
911
1088
1215
1566
1444
1476
1106
976
966
995
1151
882
810
651
559
795
835
858
872
1063
963
1054
636
911
1427
1073
683
853
1056
824
728
939
876
1000
719
1008
981
909
551
503
334
646
881
844
909
978
1132
951
627
670
435
746
831
995
1174
905
707
1065
1320
1064
675
1077
1334
1051
641
825
927
1188
1190
1197
1114
1218
1275
1395
985
1349
1111
1184
925
1207
1130
1575
1620
1447
1251
1374
1569
1383
1040
1054
1007
1020
831
899
882
918
1062
1070
1104
1062
676
994
1058
698
439
898
1134
1278
1147
1144
1225
1096
1025
1315
1440
1039
573
885
1202
1071
655
956
954
1097
1266
1074
831
898
759
872
1066
1533
2003
1814
1572
1167
861
811
590
754
520
889
1015
1080
980
1086
794
981
1000
745
476
901
1165
1102
684
861
1151
908
752
1048
1159
1098
835
1143
1245
922
601
441
348
538
625
838
725
839
525
597
377
403
390
686
690
1015
898
963
792
1134
1167
969
472
889
1021
1096
843
892
570
916
1079
1197
1052
1352
1395
1233
1249
962
940
1040
1114
1414
1623
1715
1725
1568
1158
1541
1749
1709
1603
1549
1436
1276
1114
877
588
856
854
1055
1004
927
865
1028
1045
825
436
745
1095
1147
941
1174
868
1290
1305
1513
1477
1210
706
866
806
1039
1236
1088
954
1093
886
921
789
886
1103
963
977
1526
1961
1940
1321
1011
609
461
289
644
626
863
797
983
902
848
627
725
537
610
300
880
1256
925
628
781
763
884
798
1079
1445
1385
1404
1365
1171
1038
666
636
386
519
398
602
641
577
393
517
485
647
509
938
1216
1006
599
848
850
1083
1113
918
558
860
943
1044
1028
953
805
889
751
885
959
1114
1097
1160
849
848
629
1087
1458
1485
1576
1615
1686
1422
1176
1300
1414
1663
1727
1722
1532
1528
1412
1088
646
875
979
850
505
769
788
864
821
616
348
588
754
1034
1129
1202
1172
1157
1194
1231
1280
1045
847
735
741
985
1197
1222
1068
1107
974
875
568
1068
1274
1217
1026
1196
1495
1237
680
603
385
557
709
864
927
775
429
590
557
572
402
546
421
545
426
871
1168
906
397
791
1116
1054
727
1158
1102
1362
1435
1424
1143
955
667
610
713
688
496
733
703
812
643
721
726
803
957
1095
1163
908
733
759
767
1045
1139
985
660
801
965
904
776
971
1086
922
688
1011
799
1035
976
745
531
567
624
964
1389
1266
998
1453
1568
1394
1175
1070
1106
1432
1729
1688
1446
1705
1659
1452
1238
1286
1417
872
434
554
585
807
596
573
342
600
625
1102
1246
1261
1267
1205
775
1170
958
1097
721
993
794
876
738
1026
1176
1161
1121
1025
821
1172
1313
1208
1000
970
704
784
524
476
472
589
764
810
778
687
365
511
282
539
413
690
832
940
718
617
846
683
569
898
1217
1205
1217
1215
1013
1363
1189
1508
1382
1146
522
719
646
897
1018
927
676
937
1137
813
388
777
1060
1000
640
893
626
808
723
946
964
1034
824
803
475
678
695
827
710
987
1044
1140
1295
1031
656
692
586
683
728
1008
1014
975
796
1169
1598
1302
974
985
1074
1439
1848
1691
1610
1759
2000
1825
1437
1772
1710
1259
683
516
668
550
660
641
517
932
1226
1210
1010
1113
842
1114
1180
1172
1119
1084
1060
971
936
859
631
934
1006
1052
901
1087
1238
1106
1076
995
699
640
473
684
953
752
383
589
437
559
283
602
718
521
380
553
863
989
1029
1288
1148
477
545
857
786
1149
1034
1296
1195
1363
1458
1469
1455
1511
1429
1140
897
781
503
1053
1233
1151
745
1194
1154
820
203
678
767
1063
881
783
678
637
652
791
789
1040
1101
772
343
644
706
958
813
965
942
1284
1441
1235
704
808
746
713
767
889
1176
1040
794
1269
1545
1374
1141
1078
1116
1382
1776
1667
1577
1650
1878
1599
1735
1637
1700
1472
1100
826
626
753
643
851
935
1060
1291
1195
974
1061
901
1184
1258
1225
1135
1157
1117
1168
789
1062
1073
856
629
728
812
1105
1093
1141
647
780
579
590
456
899
1089
994
545
563
392
507
392
722
759
849
576
947
918
1170
1225
1404
1093
456
764
949
1059
1133
1205
1081
844
1176
1313
1533
1599
1451
1004
1197
1043
1115
958
1106
979
1045
983
1065
1132
860
384
649
952
947
1143
984
631
766
533
570
580
1011
1275
974
434
760
1053
977
1094
924
654
1257
1373
1433
1210
1000
750
778
623
1066
1258
1171
1207
1245
1447
1409
1490
1197
1045
1310
1503
1581
1545
1574
1347
1644
1589
1736
1732
1585
1280
1366
1206
1127
1071
849
848
1059
848
1219
1098
1158
1229
1245
975
1142
730
911
859
1002
1049
1240
1147
943
471
630
673
981
1255
1062
684
704
662
597
512
893
975
1103
943
954
586
731
776
756
736
839
1023
989
1005
1142
1088
1312
1155
520
896
1056
943
1034
918
836
713
1048
975
1535
1529
1362
767
961
1063
977
1036
927
759
1003
792
1112
937
832
687
896
820
1215
871
1188
1166
946
533
497
336
1001
1334
972
507
783
1020
1107
733
956
897
1182
1408
1389
1289
1105
728
961
1078
1247
1355
1447
1245
1356
1288
1316
1303
1298
1269
1339
1462
1515
1680
1561
1589
1623
1758
1631
1730
1404
1485
1454
1811
1519
1194
904
663
832
1152
1175
1068
1316
1187
1381
1219
1057
748
686
419
735
1029
1146
1329
1064
754
807
984
1185
1140
1142
1042
805
462
801
762
1008
859
1040
987
886
919
668
396
871
1072
1080
649
1062
1259
1220
925
1254
1111
421
660
969
944
1025
551
971
857
1034
1201
1252
1510
1366
1042
1116
776
1055
622
1020
724
1064
1082
982
693
693
480
903
1193
1138
1129
1313
1445
1145
636
572
566
969
1193
925
404
786
857
1008
965
1084
953
1366
1344
1220
717
819
1070
1068
1323
1494
1576
1535
1379
1259
1117
1156
1193
1392
1634
1493
1464
1469
1503
1554
1761
1830
1954
1776
1391
1484
1375
1563
1575
1483
1109
1177
937
958
1163
1026
877
1196
1444
1426
1230
1218
976
869
516
851
719
1325
1587
1439
1100
1351
1494
1601
1332
1163
927
719
446
615
876
800
778
765
507
786
528
645
385
883
1274
1023
737
974
1073
1204
1366
1127
618
444
548
942
1097
1049
1066
1067
1251
1133
830
1345
1334
1404
1240
1012
937
730
840
805
987
1189
1244
1118
663
736
447
1043
1284
1188
1049
1280
1197
1119
698
904
985
1104
870
951
731
776
772
888
1082
1121
1125
1340
1380
1163
688
1020
827
1154
1114
1257
1379
1550
1685
1375
1002
1313
1564
1492
1394
1319
1380
1206
1148
1505
1625
1779
1817
1508
1478
1279
1382
1464
1700
1334
1112
1432
1667
1306
921
974
722
1235
1436
1286
894
959
1083
1066
1332
1311
1393
1604
1691
1523
1339
1444
1798
1958
1691
1235
817
515
145
608
594
840
431
719
549
490
383
458
811
861
830
1122
1216
969
714
1053
1320
991
426
447
865
1043
915
1398
1356
1283
937
873
781
966
1337
1122
812
948
817
884
549
841
733
937
1000
920
809
875
945
961
894
996
863
1253
938
994
952
923
1000
951
876
998
1034
811
477
792
724
1112
1160
1385
1368
1308
1204
885
929
880
905
1179
1085
1529
1727
1375
1102
1262
1634
1348
1116
1185
1043
1018
1022
1165
1690
1416
1266
1464
1414
1362
1281
1560
1885
1522
1225
1491
1795
1602
1353
1084
1008
996
1130
1097
883
953
826
1364
1737
1787
1759
1704
1708
1442
1197
1480
1736
2056
1844
1337
735
515
122
417
686
645
659
709
791
733
523
1011
796
1019
817
1059
1236
951
603
1030
1132
1129
531
662
893
1097
1043
1087
1209
1027
695
789
624
990
1082
1046
587
718
724
582
518
584
458
613
385
850
855
1020
925
958
629
933
1267
1286
1033
1051
999
813
418
825
908
1038
889
703
356
503
791
1018
1086
1465
1434
1473
1089
1252
863
1024
1031
1014
1303
1400
1469
1484
1146
1374
1208
1372
1290
1236
1213
1103
914
1101
1110
1292
1227
1262
1463
1259
1217
1504
1708
1356
1244
1364
1459
1758
1708
1513
1143
945
820
1176
1516
1338
1047
1363
1537
1594
1506
1728
1647
1390
1254
1234
1659
1760
1640
1020
722
461
403
463
387
634
725
666
539
830
1158
1013
1210
911
947
1095
1087
1070
843
1016
1382
1007
762
687
1207
1147
761
1004
736
955
962
928
773
918
1029
985
965
848
602
738
590
659
576
431
248
817
1220
920
357
762
1114
1020
1020
1539
1464
1237
880
700
326
760
962
1115
882
813
454
714
683
990
1216
1263
1312
1330
1254
1033
1122
977
965
1174
1021
1386
1571
1333
1231
1063
1293
1179
1287
1300
1459
1254
1187
1171
1003
1331
1677
1465
1114
1430
1547
1429
1240
1268
1038
1336
1561
1500
1656
1440
1280
1084
916
1275
1712
1441
1540
1211
1132
1216
1450
1541
1844
1424
1082
1425
1334
1742
1294
841
282
543
502
580
309
450
352
554
515
992
1114
1183
919
948
714
1123
1460
1278
1048
1317
1222
1341
634
690
1162
1026
710
850
850
950
984
1030
1176
1012
850
1125
1195
897
663
787
935
859
520
523
437
818
1213
758
205
769
1112
1021
860
1507
1700
1284
926
654
517
832
1159
1206
1128
883
707
749
882
918
708
938
989
1127
1172
1131
741
924
1006
844
911
1117
1403
1371
1067
1143
822
1087
1126
1187
1083
1268
1446
1433
1566
1562
1544
1314
1201
1391
1653
1549
1247
1173
1259
1308
1547
1435
1208
1311
1374
1334
1366
1305
1162
1232
1235
1265
1256
1340
1264
1554
1608
1317
1217
1261
1483
1293
1238
699
289
765
830
869
697
496
248
620
965
1145
1087
1198
913
1011
818
1223
1496
1336
1145
1266
1418
1257
1027
663
908
1049
743
1040
1164
1124
838
1055
953
926
897
977
1015
929
609
1020
1178
1078
686
717
444
744
692
729
449
758
974
862
849
1422
1650
1286
743
852
649
843
935
1117
1166
1120
632
1012
1065
755
428
521
539
819
883
931
865
903
753
829
664
994
1005
1330
1360
1045
684
1036
1173
1066
818
1122
1236
1565
1638
1392
1071
1125
970
1433
1715
1685
1616
1568
1340
1556
1478
1439
1225
1360
1342
1481
1704
1285
1065
997
1012
1310
1799
1441
1173
1173
1286
1139
1106
1415
1320
1147
634
645
797
760
965
810
837
586
441
905
1189
1306
1411
1280
1327
1162
1256
1306
1190
1407
1186
1305
1215
1340
1083
489
958
770
687
849
1048
1046
1094
963
737
858
860
1024
895
848
728
835
1038
992
893
870
757
684
424
677
837
947
836
1032
998
1542
1449
1153
866
746
819
698
490
994
1085
1223
1092
1200
1088
905
442
585
525
790
864
1015
1039
945
860
708
526
776
1068
1194
1378
1145
882
1083
1386
1106
686
876
1034
1095
1078
983
692
1022
1192
1552
1690
1800
1766
1528
1497
1493
1684
1451
1441
1243
1485
1382
1449
1530
1549
1167
936
1320
1696
1380
839
1056
1203
1059
853
1142
1152
603
254
480
473
810
543
688
393
634
658
1054
1331
1398
1164
1298
1198
1280
1113
1328
1420
1242
1189
1015
851
973
808
419
538
777
529
950
746
1190
1177
1022
796
865
950
998
1059
881
613
964
804
912
532
895
1108
749
346
598
808
748
874
887
1329
1589
1554
1320
848
828
665
602
492
705
1062
1054
1187
1195
1239
947
645
644
868
859
960
1004
926
1044
889
1039
857
1001
803
1017
989
939
635
962
1176
999
734
818
629
686
545
680
887
1231
1609
1804
1866
1885
1546
1496
1135
1468
1686
1503
1249
1430
1285
1422
1306
1602
1793
1248
639
1030
1275
1035
774
978
1398
1093
574
749
668
384
94
353
435
715
799
583
316
585
801
1225
1463
1355
1052
965
807
1101
1262
1371
1249
1370
1096
1210
827
972
606
356
444
576
757
692
1005
953
1117
999
732
1063
1272
1121
730
881
913
786
906
745
463
786
788
620
346
626
538
768
443
856
1147
1631
1647
1502
1209
1005
747
759
543
710
631
1080
831
1221
1012
1042
838
769
486
947
1124
1077
660
997
1142
1082
1049
1096
1032
949
519
710
541
644
554
725
783
609
583
516
522
957
1240
1613
1692
1944
1903
1748
1584
1298
1080
1275
1485
1387
1282
1323
1456
1332
1227
1400
1496
946
604
911
1316
1064
804
1073
1085
755
402
379
356
351
165
443
658
760
1052
732
490
668
854
1111
1447
1180
999
792
616
912
1353
1179
1058
1178
1345
1240
1380
997
577
474
796
674
365
699
712
830
737
969
1050
1300
1401
1271
853
900
823
814
565
761
800
723
481
582
334
704
1018
730
388
598
966
1288
1436
1633
1552
1320
1249
782
507
580
696
849
1126
973
875
922
866
697
393
908
1174
985
757
754
778
1021
891
1057
1039
805
664
574
502
483
359
699
672
906
709
926
993
1431
1667
1679
1578
1703
1757
1704
1389
1473
1520
1241
1028
1213
1413
1212
1011
1096
1267
1051
775
974
958
1100
1219
1187
864
971
637
665
286
625
666
743
511
802
715
960
664
818
674
870
921
1179
1016
1180
968
874
640
832
847
1165
1142
1314
1156
1340
1266
1051
524
597
939
811
356
701
685
738
541
890
1238
1283
1406
1464
1378
1141
589
663
582
683
561
709
765
493
357
809
1183
1032
642
804
783
845
983
1490
1609
1560
1190
806
369
580
743
1057
1043
1203
907
1070
810
925
737
845
951
743
409
501
335
626
788
790
518
869
627
722
527
650
494
801
1125
866
941
1113
1364
1506
1674
1435
1208
1524
1627
1483
1407
1369
1516
1163
879
992
1005
734
677
679
672
757
814
921
998
1036
760
729
703
535
746
574
663
880
1047
935
874
903
1006
1050
1002
988
740
1106
1393
1203
1043
1163
1319
906
660
801
965
1056
1217
1139
1172
989
729
948
793
562
889
816
817
836
1088
925
828
960
811
1200
1286
1403
1384
1184
1042
833
528
691
634
837
638
887
588
941
836
1136
1112
974
680
784
785
1329
1459
1441
1154
747
332
576
679
929
1066
1004
971
975
1021
977
887
898
541
794
381
520
394
702
541
853
699
795
772
687
567
620
887
880
954
1022
879
1211
1259
1255
1103
1142
1029
1463
1775
1671
1233
1511
1393
1172
899
964
869
723
466
593
454
643
639
1002
952
901
515
471
189
620
531
902
725
853
813
807
531
861
1021
1261
1369
1216
1128
1299
1327
1374
1353
1160
1061
939
775
890
1128
1021
917
1052
1017
874
643
782
900
593
847
931
576
904
973
1047
1073
1021
900
1020
1098
1076
840
1049
1080
842
686
759
699
881
995
801
833
703
793
832
961
1039
910
925
1175
1260
1075
1319
1218
670
435
578
747
964
897
922
547
780
798
786
628
641
726
666
892
538
395
528
907
718
724
690
826
712
512
944
924
1129
890
1006
919
974
1136
890
744
859
1096
1365
1791
1597
1587
1385
1477
1197
1129
1210
1158
889
748
588
711
768
650
1097
1158
931
851
498
124
420
799
793
694
878
428
721
544
809
670
1178
1383
1290
987
1143
1282
1210
1029
1026
770
712
736
787
877
821
700
984
1102
1069
813
899
496
686
1100
1065
667
938
731
1054
1049
1149
1117
1167
1051
1077
699
1040
900
957
588
794
809
919
817
942
581
802
491
887
598
957
1003
1070
1124
1354
1167
1367
1076
983
539
942
869
1106
979
708
258
466
458
557
291
707
658
974
649
711
281
648
555
877
517
684
416
769
962
1227
1337
1269
1435
1260
1001
1276
1112
985
780
905
964
1258
1435
1421
1324
1487
1472
1411
1295
1361
1458
1253
828
944
914
1020
1131
1322
1054
1209
998
953
530
634
422
829
980
820
745
624
807
727
804
1004
1063
1127
1014
921
736
948
1117
849
637
822
782
965
749
846
794
1043
1348
1282
1221
872
460
733
1256
1210
1108
948
962
902
939
1240
1240
1395
1343
1157
1092
891
1029
856
794
817
568
886
832
846
636
703
764
795
950
895
612
1080
1178
1247
1293
1204
1189
1059
1087
1082
1054
955
984
600
237
375
498
448
340
695
949
905
723
682
541
565
513
726
1035
728
504
979
1362
1604
1638
1611
1332
1314
1302
1087
1307
892
774
788
1093
1153
1125
1391
1187
1298
1467
1362
1489
1582
1372
1401
1216
893
812
919
1128
1088
856
1056
1173
1159
1023
814
283
907
1066
1046
594
891
736
1113
919
1107
1034
1198
1135
1113
769
953
985
955
875
1022
1280
1044
1118
955
888
1121
1208
1275
1250
1117
555
550
909
1122
1001
1132
792
864
765
1151
1520
1552
1460
1399
968
991
610
866
988
835
520
799
1032
781
589
914
1046
1081
781
853
864
930
1025
1158
1026
1242
910
1280
1168
1157
838
988
559
712
400
642
582
701
484
817
990
907
733
892
834
908
771
912
1041
976
927
1023
1329
1399
1431
1508
1339
1225
833
1072
903
831
506
777
806
1073
1462
1226
1458
1164
1016
1254
1487
1416
1419
1401
1016
991
647
877
635
1137
782
1177
1052
1103
988
706
574
781
1081
770
466
613
953
968
1272
1278
1138
1235
1353
1040
1172
1084
970
1137
1127
1252
1323
1304
982
1087
1093
1020
903
971
887
910
908
505
558
874
830
925
910
885
622
1088
1308
1471
1485
1413
1088
834
509
745
798
809
652
703
580
768
514
893
1087
1077
844
958
832
936
706
987
981
1084
1104
1069
759
912
858
843
768
865
745
976
991
992
706
921
709
878
507
1065
1210
1069
923
933
796
1104
1050
1084
852
1078
911
1293
1432
1053
590
644
739
664
557
615
662
918
1127
1236
1116
1029
849
921
996
1081
1037
950
908
669
569
731
1047
926
958
945
941
836
420
620
301
729
769
678
360
667
661
1071
1112
1285
1427
1119
772
1075
963
1289
1439
1252
1032
1319
1304
1318
1078
1059
916
1007
966
881
577
904
741
441
876
795
555
900
1038
1021
1023
1095
885
1270
1421
1354
1251
802
462
489
757
753
495
840
659
868
797
1039
954
1349
1358
1193
795
838
693
912
964
1042
1000
986
721
1055
928
1198
973
1070
1027
1183
1155
1122
976
732
514
680
892
1139
1319
1310
958
1163
1128
1348
1244
1031
720
774
815
1226
1386
1089
644
818
744
762
933
790
582
862
968
986
915
1164
1011
802
528
679
809
875
551
777
506
936
1055
1135
670
947
673
672
554
464
240
605
740
712
482
814
891
1133
1048
1422
1290
1228
703
904
1069
1309
1479
1362
1006
1250
1480
1321
1179
1166
898
1149
1131
1071
902
879
680
600
838
954
741
963
830
1098
1245
1086
980
1203
1250
1346
1028
817
329
457
357
728
941
963
1060
938
926
913
1151
1411
1538
1443
1001
863
692
701
740
797
611
906
970
930
1057
1145
1122
1030
684
1039
1069
1125
691
813
360
888
1014
1253
1317
1309
1232
1232
1328
1362
1460
977
640
792
1081
1219
1275
1058
759
1180
1079
947
686
799
984
962
1095
1362
1305
1412
1353
827
627
688
662
861
953
891
702
939
953
892
730
903
771
803
682
707
587
752
863
930
941
1223
1428
1303
1272
1171
1353
1008
1115
891
895
1115
1324
1276
1136
1231
1140
1275
1126
1275
1330
1288
1245
1411
1472
1112
520
399
761
888
954
981
956
879
726
1043
1132
1315
1371
1281
1057
697
464
483
525
800
868
1059
984
1086
622
1046
954
1325
1301
1328
942
763
599
733
464
706
664
861
826
1089
713
1305
1192
926
378
686
788
963
849
879
747
812
976
1032
1085
1242
1171
1262
911
1344
1373
1117
551
872
987
1191
1145
1232
994
1448
1510
1045
464
822
931
1051
1239
1381
1648
1480
1234
999
893
766
431
852
1080
1142
1067
1150
906
936
696
903
1013
694
502
674
783
914
858
1253
1267
1341
1311
1244
1007
1081
855
1042
802
941
725
1078
1035
1245
1226
1126
833
1075
1230
1110
1168
1354
1533
1682
1685
1383
514
455
464
899
920
943
731
830
689
1010
1049
1272
1488
1295
983
954
650
714
856
755
550
803
803
825
953
845
734
951
1054
952
711
743
577
791
884
729
517
737
861
896
937
1058
1135
861
429
688
605
904
975
1028
1064
1046
769
1027
822
947
793
836
1097
1208
1360
1138
809
789
676
1020
1276
1078
1126
1430
1687
1140
465
720
1051
968
831
1462
1449
1684
1178
1169
960
861
564
722
670
891
987
920
954
783
588
836
554
506
336
686
649
1042
1165
1242
1229
1280
908
1214
1048
945
640
800
964
965
937
1147
1337
1216
899
1226
1348
1110
830
1061
973
1443
1580
1677
1669
1474
936
325
677
803
759
876
627
944
1189
1161
1038
1322
1227
1359
1084
968
931
874
653
943
791
832
603
1008
881
1137
834
839
580
635
667
601
553
763
864
641
364
577
630
1033
1024
1077
643
882
819
754
714
715
572
805
934
1066
1187
985
595
555
627
919
995
1298
1335
1051
681
844
883
1208
1183
1346
942
1416
1556
1201
629
869
888
771
848
1097
1585
1445
1389
1103
1076
1042
949
896
545
732
416
848
679
925
814
813
374
474
433
774
994
1116
1120
1150
922
1047
1203
1065
1252
848
765
980
1159
1276
1274
1356
1290
1234
1050
1257
1567
1244
883
971
1185
1242
1535
1400
1296
1543
1366
332
475
679
831
691
636
870
1259
1148
985
1121
1416
1085
949
864
760
696
780
807
1049
748
561
744
1068
1071
1138
924
457
668
513
748
478
728
579
633
329
650
607
880
965
883
736
1156
1044
1111
695
809
565
770
661
1129
1239
761
302
538
808
933
954
1034
943
1085
793
1070
1160
1374
1534
1321
1185
1127
1021
965
1014
704
513
603
751
1030
1253
1605
1173
1150
1010
1041
1078
1102
995
687
375
498
780
874
1112
982
586
544
740
803
962
1009
932
1115
911
1120
1035
1207
974
1111
708
1142
1395
1471
1276
1391
1184
1281
1216
1492
1455
1493
1268
1152
1042
1219
1340
1311
1219
1526
1384
295
354
567
431
752
637
1002
786
1241
1132
1226
957
1037
725
649
387
660
728
913
557
828
602
811
671
1160
1216
993
673
742
839
946
821
677
570
582
647
740
854
790
540
923
1151
1195
1165
875
734
859
1230
973
718
980
754
648
301
746
1126
1097
700
885
800
793
1148
965
1052
1237
1481
1365
1119
1040
702
908
770
857
522
645
586
900
1152
1438
1464
1144
816
1172
1022
1325
1205
952
465
616
416
905
1185
1101
569
721
659
704
542
962
970
1272
1414
1090
739
961
1245
901
913
1110
1326
1411
1386
1215
1019
1142
1415
1562
1673
1565
1457
1282
1220
1390
1494
1458
1474
1474
1121
294
577
566
375
793
1051
811
891
1116
1468
1144
826
973
1000
894
499
652
815
672
527
804
927
822
556
897
1029
773
450
836
1149
1199
1088
879
366
766
886
863
569
677
530
987
1042
1162
761
936
632
1338
1535
1452
838
849
726
684
818
857
800
1021
1113
849
438
902
831
1098
778
1007
874
1015
1032
854
734
892
1045
857
752
670
798
851
1191
1584
1415
1348
1257
1133
1108
1139
1078
837
553
608
464
695
879
955
730
842
762
745
573
906
1231
1333
1371
1275
975
1119
1034
1087
787
1004
1087
1173
1094
971
816
1068
1235
1765
1929
1716
1379
1583
1791
1634
1735
1445
1465
1392
974
495
625
875
866
1032
1045
1128
734
1411
1529
1355
937
1195
1393
1069
1003
755
572
893
849
1030
975
879
811
749
491
625
343
854
990
1324
1145
1056
583
698
840
738
430
679
736
820
870
670
639
841
1205
1447
1360
1130
1004
635
524
804
972
734
293
993
1395
1115
487
711
1046
798
826
854
856
867
669
987
975
1119
1182
1028
713
863
830
1046
1195
1585
1523
1337
1154
1072
814
843
638
806
605
788
769
617
439
941
996
986
984
787
878
875
781
1248
1398
1356
1188
1095
1017
907
818
761
672
992
1015
959
693
956
1223
1560
1963
1716
1547
1692
1943
1835
1587
1471
1199
1296
1041
566
1027
1121
934
1191
1074
1027
974
1106
1406
1188
1095
1398
1383
1331
754
721
611
856
1112
969
655
706
635
669
465
563
648
685
832
985
1188
1085
878
909
611
863
725
928
959
970
535
839
654
1064
1320
1233
808
766
431
715
475
919
805
833
363
941
1278
1207
1066
1016
688
942
820
986
1078
869
658
944
1283
1063
739
994
1151
1188
989
1418
1614
1633
1449
1187
729
782
488
476
332
627
892
976
681
848
656
1028
1106
1041
711
831
728
909
707
1202
1498
1398
1123
1311
1146
1094
839
709
498
834
1281
1043
1087
1108
999
1476
1815
1774
1616
1788
1821
1768
1750
1356
1224
1346
1060
657
1099
1098
876
1102
1203
1184
859
1136
925
1038
986
1364
1642
1181
658
514
473
864
1005
858
316
504
468
793
812
812
576
724
555
795
655
979
965
958
837
768
862
933
1254
909
702
722
832
904
865
791
359
310
293
549
893
922
999
931
863
994
919
1322
1279
1188
853
937
842
1168
1168
1052
685
1065
1141
983
496
901
1316
1249
1300
1538
1681
1564
1100
1057
814
840
607
572
275
652
747
826
854
866
1044
1041
970
936
706
800
765
866
1142
1045
1121
1134
1153
1138
1294
1121
937
802
612
762
884
1024
1348
1224
1144
1374
1666
1531
1591
1666
1936
1670
1547
1377
1378
1512
1289
585
923
908
553
930
1109
1020
881
944
1003
946
781
1246
1544
1232
730
561
278
551
795
758
519
653
607
944
1114
846
499
652
657
520
336
670
944
1080
831
859
622
929
849
1035
738
807
669
869
794
810
535
606
275
670
776
872
791
980
916
914
794
1002
1171
1093
1058
1057
1036
1174
1279
1055
778
1027
1134
898
603
772
877
968
786
1230
1446
1216
812
993
1044
953
916
684
498
655
600
848
548
843
842
757
583
746
916
981
1090
1203
892
939
691
1012
1023
1195
929
979
1032
838
700
765
666
1063
1177
1451
1519
1428
1425
1599
1546
1725
1799
1663
1396
1579
1555
1820
1530
382
724
591
324
777
930
932
714
917
1111
1035
1038
1219
1043
1184
1080
762
395
723
545
754
845
698
712
868
931
753
489
719
784
657
382
868
951
1181
1119
1064
807
858
635
722
818
622
543
830
1044
1064
980
784
645
637
374
671
551
772
665
913
779
1101
765
1158
917
1108
969
1115
975
955
859
937
1038
900
686
826
747
818
552
987
1140
1148
818
888
744
894
802
801
479
810
926
951
689
719
401
555
448
712
614
914
1304
1006
960
809
660
868
1192
967
851
914
668
918
934
954
1025
1242
1682
1769
1554
1647
1614
1646
1924
1629
1500
1519
1804
1668
1881
1976
1639
310
354
538
436
853
1070
1046
682
984
916
1204
1302
1318
1240
1083
875
686
818
739
839
766
436
861
718
738
410
536
543
715
603
683
812
858
1094
1076
1133
1195
1409
1258
776
919
701
580
335
704
1032
957
746
799
664
645
549
589
570
715
651
993
1096
1139
1074
940
903
925
864
974
769
918
686
1069
979
1010
761
868
1120
877
889
999
1068
1002
881
604
309
565
636
787
643
1006
1058
1055
995
612
347
575
900
978
697
907
781
1043
957
1058
1072
1157
926
1299
1232
885
632
709
965
1064
1279
1463
1803
1941
2024
1889
1856
1863
1875
1520
1304
1442
1669
1756
1842
1866
1516
140
331
524
679
891
1058
915
1068
850
901
1224
1473
1501
1319
1130
626
830
555
1040
951
740
437
667
930
553
146
418
623
647
485
800
839
1127
891
1034
654
1168
1408
1487
1318
1086
768
671
368
566
414
719
529
727
417
752
739
818
578
813
829
1100
1181
1257
1091
877
413
773
974
820
696
828
992
995
1120
1114
1062
1216
894
1281
1132
1176
809
826
596
468
141
529
624
781
850
821
824
899
595
825
547
876
1112
1223
1364
865
528
812
1161
1269
1257
1291
1308
1243
1356
1134
699
865
620
1107
1399
1558
1427
1895
2050
1834
1898
1725
1637
1462
1218
1452
1605
1632
1499
1618
1076
222
223
682
904
902
502
917
858
1101
905
1467
1701
1530
1052
1064
1056
696
705
878
1016
803
392
780
844
719
249
694
893
764
365
777
1182
1156
935
819
705
971
1095
1461
1352
1322
1111
909
616
520
265
557
758
667
600
792
796
972
868
850
609
980
1064
1193
799
774
341
650
742
711
504
857
1077
1066
795
1212
1425
1384
1242
1234
1310
1119
872
847
573
550
310
614
808
942
615
770
381
669
645
775
939
768
768
1348
1381
1214
708
940
962
1314
1532
1358
1050
1153
1043
1196
1246
1055
786
1044
1470
1500
1673
1803
1545
1744
1673
1669
1584
1470
1467
1482
1571
1364
1164
1045
776
264
477
621
722
740
671
819
817
1101
1349
1430
1566
1310
1024
967
900
1007
762
1042
895
760
484
700
735
656
621
758
1119
977
519
1067
1342
1180
945
894
664
1163
1253
1224
1026
1094
1115
1000
717
773
575
686
618
813
685
982
948
1152
1035
874
398
874
944
1058
996
753
603
656
657
590
391
842
1094
945
623
972
1260
1469
1564
1503
1018
1278
1299
1001
1014
773
675
819
800
836
895
462
146
590
988
963
619
837
667
1222
1384
1165
1059
888
739
1153
1386
1233
720
996
851
1307
1477
1446
1184
1099
1079
1624
1875
1698
1626
1377
1572
1429
1494
1502
1394
1406
1263
939
605
643
583
442
696
806
551
904
913
938
1041
1313
1320
1575
1308
1414
969
1158
842
1056
1045
1028
780
920
707
944
767
933
563
933
838
1054
1062
1244
1237
1125
576
870
923
1083
1304
1081
622
844
548
879
984
854
616
640
505
841
849
1085
1017
1069
913
757
469
751
969
941
709
929
759
980
822
892
674
981
1144
998
748
1024
923
1301
1458
1204
1200
1185
1150
1260
1054
1052
990
836
870
903
787
703
212
793
942
1003
763
680
791
992
1205
1038
821
830
821
931
923
934
1003
887
926
1227
1356
1330
1152
988
926
1513
1854
1685
1392
1406
1269
1180
926
1150
1350
1003
731
654
456
628
492
709
896
981
1002
869
786
1070
1041
1423
1441
1522
1494
1460
1447
1323
1298
1128
980
1037
922
1084
1096
1130
951
923
890
702
492
976
1244
1216
899
941
824
881
866
957
797
877
749
581
357
697
947
779
451
638
562
993
1185
1105
731
913
708
730
429
777
803
727
396
722
979
1087
1154
1122
1106
1191
1063
1177
1017
997
1152
1056
963
1149
972
1116
1039
1042
1050
1147
1071
1258
938
1225
1249
845
619
904
1126
1209
983
998
590
1112
919
951
592
695
700
865
888
943
695
1032
1083
1150
1011
997
734
931
1291
1545
1596
1600
1530
1355
1046
878
629
878
1038
761
335
635
789
919
772
640
1207
1087
777
881
769
980
1271
1529
1532
1599
1418
1404
1389
1383
1303
1299
735
1122
1139
1303
1085
1242
1015
954
594
774
594
941
981
1094
756
895
807
915
878
843
464
825
966
727
485
747
681
813
601
632
577
951
1168
916
440
671
740
676
474
745
775
604
339
697
803
1146
1202
1095
838
1032
1237
1035
912
1091
1048
1203
970
1198
1197
1270
1157
1228
1163
1252
1363
1326
1503
1576
1627
1451
1035
1030
1086
961
992
827
881
924
1166
958
775
784
583
955
1144
953
638
866
1069
1068
881
872
590
940
1513
1544
1469
1632
1723
1405
1035
710
721
661
676
741
425
822
885
977
995
536
870
1042
699
908
764
952
1182
1407
1474
1491
1185
1215
813
1161
1123
994
935
857
973
1039
966
893
713
712
476
820
928
999
826
982
939
736
396
683
942
605
537
693
838
824
705
825
909
999
871
617
323
863
961
765
213
467
623
658
598
854
831
713
414
804
923
1107
938
974
601
918
840
916
692
908
1024
1043
1300
1358
1630
1525
1568
1297
1347
1425
1631
1709
1579
1858
1805
1848
1506
1102
621
625
422
871
939
1138
890
1225
1346
963
636
858
1205
1048
793
951
784
1039
1135
980
966
1003
1171
1609
1744
1620
1274
1085
1028
845
545
889
689
820
879
750
714
799
537
338
804
1067
1065
1171
960
788
700
1080
1205
1349
1328
1237
998
1193
1151
1073
504
932
747
1017
589
877
569
769
664
817
883
1014
975
1193
882
715
245
517
489
571
370
609
706
720
645
971
1309
1249
765
670
382
824
1003
771
285
585
423
860
870
1056
838
750
635
884
1154
999
792
816
919
827
659
871
870
983
881
1196
1028
1496
1548
1581
1396
1421
1173
1425
1696
1572
1752
1708
1926
1877
1735
1218
477
312
505
693
840
867
897
1093
1347
1001
668
831
758
1092
1214
815
548
1016
1547
1547
1214
1293
1218
1481
1804
1506
976
819
524
779
1057
935
826
1032
938
820
299
533
505
335
795
1258
1491
1416
1034
781
621
1030
1052
1332
1351
1337
1415
1330
1284
894
588
779
1013
1050
887
888
860
825
648
776
495
1009
1152
1129
1019
662
240
531
619
557
381
556
633
753
584
1047
1237
938
602
714
848
1098
982
1018
751
700
728
799
1050
946
815
814
620
1153
1169
1150
626
1022
1035
1027
873
882
1029
823
786
972
1295
1269
1157
1288
1244
1270
1260
1425
1358
1670
1599
1886
1838
1745
1593
1248
699
493
709
746
826
1127
888
1210
1059
856
455
621
906
922
972
831
557
1020
1602
1608
1737
1338
1331
1495
1391
1218
1106
665
429
1050
1194
1104
649
796
1003
659
302
733
793
253
610
1042
1420
1403
968
809
896
985
1261
1250
1127
1223
1087
1222
1134
986
587
980
1075
1030
940
1061
925
982
579
732
691
992
997
1037
694
674
464
659
891
667
576
716
638
803
1004
900
660
751
369
787
999
1083
1052
1176
1036
928
551
853
730
1056
690
776
797
835
1125
1044
1002
1158
1133
1183
987
985
635
726
555
871
1119
1207
1137
1302
1189
1390
1450
1310
1336
1302
1595
1720
2014
1609
1213
1245
1105
803
571
629
907
961
1265
1102
1093
866
509
769
824
971
750
847
900
1005
1070
1547
1551
1548
1287
1516
1476
1074
566
724
878
871
1045
991
644
802
470
615
631
749
1006
150
397
672
721
1145
1175
948
704
1202
1268
1152
893
827
807
920
825
795
758
877
834
1041
493
938
1024
845
648
893
918
1014
864
734
348
721
778
826
558
613
522
816
962
970
791
762
561
624
681
882
677
1027
860
962
961
797
469
848
879
924
950
759
510
834
588
1081
1269
1170
1072
1060
1053
822
632
500
430
677
726
1099
1282
1258
1312
1368
1399
1317
1070
1207
1210
1684
2062
1687
1277
1491
1516
1240
820
832
703
1117
922
1247
1188
1131
939
914
847
885
1017
1023
1061
1115
1048
1209
1364
1589
1696
1532
1363
959
684
948
726
1116
742
1074
1111
729
326
667
659
971
632
65
245
415
559
947
936
803
996
1132
1267
1297
883
1020
767
1012
998
876
447
895
1069
961
750
910
742
899
609
885
956
867
566
577
438
823
1058
1022
618
641
326
804
1173
868
469
729
631
931
985
998
866
813
576
806
551
814
799
921
1052
1061
768
885
722
704
609
900
1046
1113
742
1183
1074
1075
681
817
664
875
892
1059
1095
1114
987
1337
1481
1399
1074
1061
1012
1330
1743
1624
1696
1673
1892
1705
1346
1151
1180
944
743
1026
1175
1284
1150
1280
1029
1232
929
1303
1321
1181
1297
1266
1426
1937
1929
1416
757
785
947
910
1020
1007
1053
1093
969
781
488
664
930
833
697
257
380
712
934
985
617
918
1043
1349
1418
1367
1368
1095
1086
1028
1137
798
546
786
953
1035
913
952
777
914
746
1049
802
751
338
543
551
865
1009
1079
1132
890
499
864
971
897
511
748
788
983
1018
1029
808
827
613
692
713
916
864
993
678
965
1081
1105
929
893
820
945
871
1124
1129
1104
1161
1137
1109
1170
1157
1057
1068
1013
874
907
717
973
1370
1298
1510
1186
951
1248
1408
1665
1669
1847
1880
1891
1661
1592
1475
1232
882
1054
919
1088
1134
1175
1241
988
1013
1174
1388
1317
1110
1466
1731
1843
1616
1089
550
707
512
933
961
1104
986
1039
762
944
598
978
822
1037
857
506
1067
969
1071
1013
740
822
1200
1177
1287
1543
1410
1396
991
966
736
650
573
749
649
879
680
828
803
857
903
965
1061
702
174
552
802
873
569
1177
1276
1173
742
1073
1073
968
641
896
971
956
608
712
597
743
712
911
811
979
931
903
677
1126
1276
1146
918
917
707
1078
1263
1222
1176
1141
870
1233
1353
1274
1195
947
582
994
1204
1021
685
1025
878
1457
1460
1448
1249
1311
1399
1519
1772
1568
1561
1606
1582
1542
1421
1054
954
986
877
1101
811
1036
879
746
470
928
1263
1279
1081
1406
1554
1457
977
1000
934
683
415
743
800
821
520
886
1055
961
925
749
743
790
829
748
1299
1267
905
1301
1014
1139
977
1010
920
1180
1459
1293
1032
952
546
511
252
729
1005
829
366
725
694
763
421
990
1097
812
284
620
805
787
668
1009
1223
1243
982
1287
1244
1163
750
941
966
746
354
662
522
741
678
754
787
954
850
1037
1084
1216
1177
1218
700
935
954
1126
1208
1272
954
1071
828
1108
1162
1019
597
789
647
1083
1319
1130
964
988
1198
1397
1593
1627
1523
1467
1419
1512
1547
1451
1255
1435
1398
1510
1125
822
481
934
1101
1078
951
970
587
562
336
763
918
1337
1234
1219
910
1121
1068
991
855
811
619
762
772
834
561
995
1109
1032
585
778
503
741
523
572
1082
1095
1202
1421
1505
1069
901
820
809
1345
1232
1389
1285
959
810
639
448
1001
1201
929
452
599
684
561
312
836
1084
977
528
820
770
728
510
896
1069
1078
1031
1073
1025
908
824
715
504
667
517
673
884
656
379
670
652
781
860
1065
1060
1192
1031
1016
1090
1119
937
1202
1102
1194
1066
1189
1178
1075
775
900
705
912
1061
1032
1076
950
762
1135
1376
1611
1618
1773
1722
1495
1130
1441
1642
1416
1166
1373
1764
1492
1014
842
630
842
926
1170
1059
1145
1052
866
608
766
1021
1105
1042
1149
1172
1021
885
1022
827
927
554
745
762
922
1130
1077
842
676
360
477
650
500
344
454
660
957
1211
1614
1573
1310
664
875
1284
1414
1629
1574
1121
1255
872
869
957
941
962
935
630
743
520
748
689
1028
1039
887
780
763
748
633
314
643
718
775
546
768
546
757
449
684
501
808
805
1061
808
840
454
698
769
760
447
754
1020
969
744
1124
1086
1080
1074
1101
1062
1305
1293
1376
1239
1240
923
1112
1227
1223
1079
1213
818
1051
739
1038
1107
1394
1555
1743
1669
1347
992
1347
1803
1488
1302
1508
1757
1639
1323
1064
1098
701
553
790
1010
975
974
1069
1137
951
592
894
1081
1063
1093
1033
629
1013
1075
1016
791
847
606
1111
1225
1018
544
508
288
727
777
732
235
228
537
524
646
1122
1217
907
576
667
978
1245
1372
1202
1103
817
763
666
601
647
391
589
738
496
354
557
911
792
723
610
303
531
515
417
346
344
319
310
238
279
371
332
386
436
696
655
823
744
863
592
487
588
794
462
191
396
381
606
754
675
697
734
549
794
945
934
958
971
961
922
1032
948
936
926
909
803
957
755
970
699
499
886
1121
1174
1185
912
574
974
1295
1131
901
1087
1297
1210
972
990
707
467
233
431
362
558
355
770
981
663
374
569
627
708
440
592
730
704
732
812
933
639
535
735
880
591
184
265
445
508
833
521
375
