0
0
0
0
0
0
0
0
0
0
0
0
0
0
0
0
0
0
0
0
0
0
0
0
0
0
0
0
0
0
0
0
0
0
0
0
0
0
0
0
0
0
0
0
0
0
0
0
0
0
0
0
0
0
0
0
0
0
0
0
0
0
0
0
0
0
0
0
0
0
0
0
0
0
0
0
0
0
0
0
0
0
0
0
0
0
0
0
0
0
0
0
0
0
0
0
0
0
0
0
0
0
0
0
0
0
0
0
0
0
0
0
0
0
0
0
0
0
0
0
0
0
0
0
0
0
0
0
0
0
0
0
0
0
0
0
0
0
0
0
0
0
0
0
0
0
0
0
0
0
0
0
0
0
0
0
0
0
0
0
0
0
387
529
632
528
847
734
865
555
651
559
657
588
778
613
604
273
406
298
627
461
612
297
690
544
884
501
513
194
519
534
789
485
711
470
562
343
594
505
665
416
698
542
719
439
627
450
638
449
838
651
808
420
684
524
709
443
846
658
699
301
388
347
641
556
665
365
613
500
823
570
648
323
625
545
800
490
425
148
325
374
531
394
587
517
721
601
710
532
601
488
359
289
371
496
596
510
694
592
803
666
689
671
723
871
896
753
807
512
563
278
249
181
389
431
480
275
321
273
505
463
797
570
553
206
443
442
638
319
607
820
882
696
1199
1129
1368
887
912
725
874
877
1037
778
889
524
670
392
711
516
745
446
922
700
1061
599
754
424
923
808
1226
759
1006
609
841
606
908
681
810
511
867
743
904
550
861
700
927
614
1093
867
1024
546
859
699
934
619
1097
858
981
511
678
557
918
754
1061
690
1059
744
1153
776
900
488
917
791
1039
601
658
380
770
683
921
573
877
761
1018
839
958
764
762
649
642
638
702
697
886
808
1009
811
955
793
856
936
1049
1270
1248
1126
1158
844
873
462
574
422
619
526
561
375
463
434
697
620
1050
777
768
287
667
617
1060
574
620
832
978
776
1216
1079
1444
1038
957
628
904
990
1107
707
744
433
643
447
797
540
740
411
777
585
805
451
842
653
1224
873
1295
756
942
540
657
483
725
614
567
328
526
577
578
380
569
568
718
528
866
712
1000
657
795
501
846
709
1127
782
1088
678
1028
728
982
638
922
661
907
614
1036
780
1046
620
1025
759
951
542
600
385
700
604
811
511
736
634
916
836
779
593
756
837
1035
862
819
604
831
852
1151
908
965
658
730
782
890
1111
1244
1333
1222
928
998
708
933
577
838
575
657
419
690
622
891
615
976
663
667
215
596
499
940
488
556
774
820
697
1121
1099
1439
1045
1083
752
1046
990
906
485
737
641
827
421
746
513
864
560
972
628
898
497
1000
760
1303
839
1234
723
983
607
814
563
869
667
667
363
637
641
863
589
839
618
725
477
600
486
735
601
778
518
800
622
828
546
833
635
1128
854
1177
699
1023
698
941
608
995
740
977
586
785
547
757
555
777
548
861
602
847
534
653
495
705
729
805
707
986
950
1153
868
984
766
837
702
879
794
801
606
723
728
681
763
903
1267
1146
1084
1040
861
1101
738
909
486
683
530
748
559
698
439
656
431
502
189
724
597
1058
489
635
861
888
705
873
864
1030
872
1164
987
1285
975
974
559
729
554
751
426
858
615
902
493
1050
770
1194
648
1130
736
1275
832
1099
590
843
592
815
567
926
707
949
592
799
562
977
771
1103
689
751
421
547
478
925
791
1130
685
1003
683
888
585
966
759
1155
761
1120
718
867
504
649
500
915
765
974
556
711
499
728
567
866
620
686
354
529
458
668
564
855
769
940
760
1085
962
1147
828
893
700
845
770
912
757
900
741
891
717
705
629
820
1139
1026
1118
1033
1059
1045
720
992
657
1093
735
1096
643
815
376
681
423
702
341
873
578
903
354
789
1027
1026
689
819
804
864
719
934
871
981
779
787
572
753
564
637
298
727
607
993
587
1238
861
1265
628
889
515
953
729
1050
639
827
520
944
762
1137
716
1173
799
1018
565
1057
841
1299
813
971
531
740
601
934
755
1149
861
1062
736
780
627
912
880
1178
862
1276
920
1125
628
902
639
973
675
853
523
743
561
912
681
994
624
889
546
776
505
841
674
1084
852
1200
892
1131
834
1033
812
821
622
879
863
836
567
794
800
1071
809
884
608
664
791
824
1137
1176
1306
1240
942
930
550
925
655
838
370
645
387
785
461
844
430
1053
669
1046
404
763
1007
905
565
717
748
724
546
797
864
842
653
860
783
829
429
473
264
608
513
798
479
932
660
903
467
612
399
680
569
925
668
831
487
991
836
986
487
1001
860
977
479
747
635
1110
852
1113
658
1104
885
1271
883
1199
895
994
785
983
970
1355
1200
1225
835
1178
1115
1257
812
990
705
946
641
821
518
844
652
998
664
994
628
934
576
644
333
834
830
1176
769
1032
777
974
753
1183
1008
909
481
757
846
945
651
840
720
989
774
968
677
796
687
728
922
1195
1505
1442
1140
1023
665
777
416
748
426
881
513
1068
602
1074
520
973
498
737
266
739
967
940
576
775
681
832
628
898
859
934
763
993
813
842
409
415
218
502
443
796
539
795
459
549
311
347
284
622
616
947
632
893
576
1062
811
895
422
813
737
1008
633
790
518
834
697
1099
814
1244
897
1113
753
820
702
870
936
1220
1175
1499
1309
1330
1054
1281
1263
1435
1137
1345
1028
1190
782
817
468
786
640
987
632
865
511
972
717
775
312
683
697
1043
769
1060
794
1176
907
1391
1021
1084
604
752
680
929
764
978
712
987
760
819
533
782
737
867
805
1308
1547
1534
1097
755
441
461
289
636
392
851
503
973
518
838
367
715
391
600
236
702
884
799
420
741
687
814
540
925
971
1221
946
1219
855
962
478
612
338
485
300
560
443
533
289
471
397
595
437
880
710
942
521
780
562
1013
769
848
412
774
697
974
620
879
603
813
585
795
613
1020
853
1058
699
728
603
935
1028
1291
1104
1393
1262
1182
996
1048
1200
1399
1369
1432
1162
1270
1052
962
642
835
703
794
439
709
528
810
519
568
292
528
562
926
801
1082
798
1047
754
1127
854
931
557
623
557
881
821
1112
776
1001
706
769
540
960
900
1109
768
1064
1053
963
674
523
381
557
363
854
527
763
283
580
347
562
264
534
341
539
252
713
832
830
385
769
656
980
707
1004
886
1196
1007
1280
851
881
393
588
393
652
410
689
461
768
505
677
384
751
601
1037
697
846
433
693
559
979
733
905
490
729
547
850
606
907
610
844
576
925
727
941
630
645
471
459
508
830
963
1088
936
1231
1264
1152
959
810
982
1166
1383
1418
1294
1419
1371
1144
912
1056
1027
810
350
506
473
757
492
527
264
540
599
988
836
1129
827
1087
749
1094
752
1019
657
879
654
766
598
916
804
1057
735
917
663
1062
897
1090
690
846
646
746
460
476
228
579
422
800
420
677
305
499
248
525
349
680
484
880
528
505
576
647
345
872
747
1131
759
1063
891
1193
995
1364
944
1074
490
695
402
863
614
885
454
893
637
767
342
725
618
940
584
829
530
740
509
876
672
966
590
749
443
616
455
757
600
917
646
1064
791
939
566
594
486
579
594
886
894
805
672
941
1194
1060
922
751
986
1177
1438
1391
1270
1437
1538
1493
1355
1396
1322
1023
621
490
374
508
364
599
435
876
756
1098
794
981
736
992
742
1108
711
1056
636
881
596
745
607
826
706
946
721
981
744
998
748
871
555
578
311
684
505
742
287
577
333
549
263
592
380
509
204
535
477
943
753
1158
652
419
469
827
552
1119
768
1224
827
1217
968
1303
1021
1367
919
1070
511
755
441
1017
729
1109
561
1150
786
774
199
626
663
1003
603
719
406
569
464
721
551
986
711
714
273
578
586
894
613
897
620
1202
965
1135
600
700
564
601
525
773
814
880
786
1077
1207
1158
1035
802
970
1066
1380
1357
1319
1348
1414
1287
1323
1305
1444
1098
906
670
622
737
545
817
517
1006
783
1083
746
929
735
1060
814
1153
653
1149
703
1116
665
954
683
746
531
624
570
999
911
1025
563
688
453
580
296
891
659
982
365
553
236
495
306
712
467
833
498
899
666
1054
837
1272
797
424
474
915
599
1103
707
1011
672
1034
929
1369
1117
1307
760
1125
727
1091
562
1070
661
1003
523
1023
696
814
328
599
506
887
643
920
587
694
417
508
388
955
827
914
352
698
631
911
598
842
606
1163
969
1331
812
892
538
674
611
962
924
1031
865
1037
1137
1133
1118
901
1011
1022
1311
1295
1323
1276
1319
1336
1415
1418
1460
1249
1202
1016
1030
947
703
835
566
1007
758
1107
780
1028
799
1117
813
1068
568
903
495
984
643
1162
823
833
443
532
581
875
765
948
550
678
344
593
338
881
587
1093
553
944
438
721
332
746
522
807
515
881
781
1008
802
1146
781
486
538
1020
631
1002
574
764
553
906
911
1375
1135
1216
651
887
601
953
550
893
491
961
646
1068
615
788
381
844
692
1155
733
1126
748
836
433
449
334
947
858
914
321
721
694
1033
679
864
575
1080
932
1287
789
1003
658
883
742
1129
1055
1233
1043
1092
1078
1056
1125
1042
1131
1067
1200
1215
1316
1255
1279
1313
1404
1321
1322
1090
1219
1118
1339
1149
984
788
533
800
704
1067
778
1186
955
1255
797
983
504
674
307
733
553
1124
933
956
652
679
812
1071
894
1086
568
801
364
791
476
996
567
1030
513
876
409
658
330
855
718
980
629
942
855
1064
869
1084
687
385
438
935
650
995
547
903
717
894
733
1094
1034
1220
758
1040
646
1031
578
988
552
1026
646
940
485
647
368
853
705
1088
689
1221
951
1005
458
532
406
915
741
867
396
720
629
926
647
990
731
1272
946
1128
615
747
628
940
939
1274
1126
1305
1125
1027
955
922
1083
1124
1202
1215
1226
1185
1221
1264
1351
1532
1520
1474
1321
1170
1253
1241
1461
1125
1059
875
833
924
735
922
641
1068
966
1298
826
1142
628
859
428
851
719
1221
1145
1157
980
1023
1204
1305
996
1133
635
713
196
603
446
788
392
753
409
774
428
637
365
807
764
899
639
826
819
1042
914
971
534
408
464
906
603
1017
618
1003
745
991
804
1179
1058
1258
784
940
527
710
378
775
539
1149
782
1076
485
692
413
995
796
1142
711
1128
889
993
562
866
623
1050
654
891
511
702
502
812
658
1041
751
1258
906
1091
648
872
809
956
888
1067
1055
1344
1255
1157
920
1065
1204
1240
1140
1065
1078
944
1072
1227
1413
1491
1369
1212
1152
977
1164
1152
1380
1016
1074
1076
1223
1158
841
886
660
1099
992
1156
662
899
659
1058
860
1159
993
1322
1371
1189
1129
1096
1450
1574
1267
1129
515
515
145
596
486
830
391
709
365
482
231
412
449
735
746
984
846
809
636
897
954
837
346
407
467
1001
707
1362
868
1217
715
731
585
796
915
966
658
870
597
860
463
807
491
895
582
876
487
831
549
909
572
948
799
1061
762
896
622
885
550
901
574
936
630
741
413
718
636
1032
758
1311
972
1178
726
723
647
712
839
983
1007
1313
1227
1151
890
1034
1140
1134
1020
953
999
756
884
893
1194
1134
1152
1188
1256
1102
1097
1266
1467
1218
1113
1181
1359
1290
1023
926
722
874
824
985
805
849
754
1148
1259
1491
1327
1384
1364
1128
1185
1170
1510
1686
1370
1223
555
515
122
407
316
637
363
701
407
719
511
901
782
883
675
903
890
799
591
880
968
981
461
618
681
1055
557
1049
715
957
619
647
614
814
932
878
583
636
460
558
308
548
392
569
357
806
641
978
537
908
589
883
767
1078
849
971
645
769
400
779
604
984
639
637
292
435
483
944
852
1349
964
1343
923
1126
837
858
757
820
885
1208
1207
1278
978
1180
1126
1164
982
1014
1019
877
906
855
1050
1038
1113
1030
1051
1009
1123
1224
1296
1080
1006
1090
1305
1474
1316
1259
941
809
766
968
1110
1058
1005
1061
1255
1282
1348
1426
1437
1088
1044
904
1313
1402
1198
952
386
457
195
453
291
626
387
658
405
766
672
883
720
761
685
939
935
920
665
870
872
865
434
645
707
1105
581
964
608
885
662
778
717
732
767
811
699
764
482
714
446
625
332
389
236
777
730
878
339
720
606
954
852
1301
1038
1141
682
648
272
712
676
1059
632
747
414
642
591
880
716
1149
920
1224
836
903
658
827
845
994
907
1204
1117
1155
879
869
857
977
999
1106
1009
1040
969
943
959
1113
1183
1223
1096
1176
1159
1187
1104
1038
1004
1102
1173
1282
1222
1190
1068
822
878
981
1272
1143
1144
911
1098
926
1168
1237
1344
1146
1076
1099
1292
1424
1066
817
244
535
362
570
247
442
286
520
467
876
840
1045
807
788
658
971
1004
1128
804
1169
1034
1193
602
650
710
986
454
812
582
880
690
878
800
826
788
955
829
813
405
763
575
823
400
481
257
778
707
716
191
729
772
945
700
1269
1220
1158
588
578
355
788
697
1154
724
817
419
651
628
812
626
842
695
1005
822
1007
739
796
682
690
701
947
997
1187
967
961
792
901
912
1011
917
1092
1018
1239
1106
1348
1176
1084
865
1173
1271
1339
1017
981
931
1106
1195
1195
1106
1041
1110
1048
1176
1017
1118
946
1141
975
1174
1036
1156
1278
1274
1135
947
1013
1063
1097
740
699
289
755
504
861
417
484
234
536
651
1013
903
1042
793
853
750
1069
1010
1184
857
1114
934
1107
623
623
682
1011
505
1004
724
1050
722
901
795
744
713
807
759
841
505
996
710
1042
482
675
368
704
520
687
343
722
620
780
713
1186
1194
1142
691
758
519
793
595
1061
764
1024
610
922
719
667
382
411
489
713
711
815
627
777
713
687
568
840
897
1172
926
893
642
876
929
906
688
954
1002
1389
1142
1210
851
941
894
1261
1213
1511
1202
1362
1148
1312
1240
1165
1081
1080
1216
1211
1256
1009
1049
703
988
1010
1369
1123
949
967
964
993
874
1209
1044
1053
512
645
309
750
475
804
437
538
363
781
879
1166
903
1122
893
1012
808
1152
1026
1255
910
1153
919
1190
721
449
510
730
403
809
640
972
738
809
695
672
748
850
775
758
412
813
622
958
483
830
521
644
306
637
503
915
648
940
866
1268
1189
979
612
622
533
626
450
920
793
1137
700
1118
816
803
404
489
515
696
636
905
749
825
574
602
510
688
636
1100
950
1025
584
969
922
966
568
734
688
955
774
865
634
894
910
1390
1298
1586
1262
1268
1099
1219
1288
1191
1117
975
1103
1096
1279
1232
1261
859
884
992
1276
1114
745
954
935
967
713
910
758
581
170
472
383
798
469
674
383
538
520
922
963
1244
942
1146
888
1132
925
1180
926
1094
839
865
693
827
578
375
438
733
487
906
660
1112
865
864
628
677
826
822
675
789
547
942
616
878
406
855
622
707
268
558
464
716
470
811
913
1301
1216
1112
776
726
535
524
366
641
616
984
719
1101
769
859
489
560
480
767
708
902
624
950
735
959
573
947
659
977
627
827
533
894
730
951
552
770
529
664
453
662
645
1113
1129
1586
1370
1619
1336
1220
1059
1196
1338
1233
1121
1144
1273
1126
1104
1290
1339
972
633
850
1031
969
608
930
920
885
526
627
498
384
94
343
293
709
515
541
288
463
645
1079
1071
1195
818
809
689
951
944
1225
949
1224
938
1064
783
828
482
308
374
534
361
650
535
875
755
841
714
879
940
945
684
789
541
764
446
711
409
746
510
578
252
584
512
730
409
812
911
1363
1257
1270
913
915
649
669
415
650
579
992
757
1137
746
962
592
681
472
853
762
995
584
925
636
1030
615
1064
622
925
499
656
383
604
456
683
419
589
363
496
438
849
940
1413
1274
1692
1431
1480
1168
1040
1038
1013
1161
1117
1136
1033
1004
1058
1049
1208
1010
882
594
869
898
966
638
863
757
649
300
377
312
341
121
433
360
750
550
646
448
532
656
945
985
1018
763
632
586
758
867
1029
838
1032
859
1094
890
855
399
424
492
628
341
657
558
754
603
815
832
1118
1057
1097
719
806
525
790
489
729
382
683
471
540
250
664
598
688
268
570
700
1088
1112
1367
1138
1174
767
700
383
502
474
771
640
901
615
844
586
613
371
830
770
927
405
724
514
1001
625
1049
543
769
346
542
348
437
263
671
610
862
571
812
791
1215
1231
1437
1188
1473
1329
1472
1217
1235
1128
981
978
947
981
1028
875
1018
779
973
749
842
648
932
859
967
670
863
609
665
286
613
412
733
361
794
511
928
642
702
504
716
863
1003
880
1010
884
710
558
674
827
1013
876
1164
964
1192
888
909
456
545
615
763
354
661
541
668
521
736
826
1099
1044
1288
928
1045
559
641
306
651
485
671
353
453
279
771
677
988
496
764
557
753
809
1212
1249
1366
922
722
325
504
523
983
795
1127
671
992
646
851
483
811
553
713
317
483
297
598
394
774
476
847
457
706
365
616
408
745
615
772
669
893
1010
1242
1208
1205
1016
1302
1285
1271
1005
1133
1202
909
815
786
869
702
429
623
546
669
530
773
774
838
626
649
439
535
318
564
335
868
575
927
400
895
614
990
666
868
730
932
903
1029
897
995
863
738
620
641
747
900
859
985
816
839
691
806
553
510
581
770
393
800
632
861
610
808
801
1014
986
1223
928
1088
606
811
430
661
370
797
594
847
432
901
656
1092
638
920
506
750
769
1095
1101
1193
892
669
312
512
519
855
662
926
577
905
597
937
527
878
489
762
373
506
244
670
537
833
397
785
474
675
317
596
507
814
748
858
825
973
1065
1037
969
932
919
1257
1291
1457
1177
1263
1185
918
877
710
727
637
458
563
378
571
539
870
762
855
469
471
189
608
495
888
441
843
449
799
417
841
601
1177
939
1084
728
1115
1103
1202
871
990
883
771
639
726
824
859
753
896
843
722
553
640
528
543
613
883
470
868
617
985
741
873
730
834
880
896
716
951
690
820
360
727
511
841
503
759
443
663
419
786
591
981
612
889
725
1036
979
1109
828
620
293
512
515
892
671
850
429
748
504
768
382
633
342
646
384
514
235
504
397
672
392
686
436
686
486
860
778
991
850
784
765
742
908
708
710
659
808
1185
1301
1365
1105
1113
1169
921
993
922
986
751
436
582
447
730
556
975
712
913
443
490
122
408
337
777
496
868
420
715
400
757
612
1070
917
1148
855
981
828
1038
939
858
648
544
630
619
721
661
660
828
868
915
717
757
478
638
706
1019
507
900
607
992
753
1001
845
979
913
893
687
938
712
931
456
762
457
875
599
896
491
760
477
829
586
891
547
1022
858
1212
881
1207
868
933
499
866
645
1044
649
684
204
450
364
537
251
695
514
962
517
693
267
614
475
833
511
664
406
667
704
1037
975
1103
957
1040
971
1060
974
815
662
751
894
1060
1091
1167
1150
1209
1272
1117
1151
1043
1090
1047
758
928
532
1010
707
1202
732
1181
676
943
346
618
330
815
542
812
329
614
447
641
544
868
885
969
756
779
730
808
781
701
615
670
746
803
743
686
624
891
938
1134
849
734
316
687
752
1168
604
914
520
842
689
1092
1002
1203
987
973
702
791
557
830
514
781
422
842
606
800
394
659
480
743
502
833
600
1022
758
1175
825
1100
697
987
665
1002
604
927
520
580
177
363
278
426
220
679
529
893
431
666
319
543
351
698
577
644
480
827
1016
1380
1200
1409
1096
1102
814
919
841
744
628
616
773
947
1101
1137
1107
1024
1117
1070
1255
1262
1266
1137
758
847
510
919
622
988
586
1018
663
1149
591
796
265
895
686
1038
436
857
644
1003
799
949
782
1026
955
947
711
793
785
807
707
888
848
910
712
821
748
985
864
1133
882
979
503
506
571
1080
695
1096
608
804
559
1003
1042
1360
1108
1211
826
889
536
842
550
801
408
755
534
735
401
870
676
1029
585
795
508
846
681
1076
756
1176
764
1184
720
1111
620
964
505
678
280
628
446
679
306
807
572
893
391
868
562
892
507
860
739
816
703
839
975
1177
1065
1278
999
1117
741
978
757
695
486
585
766
879
964
996
1042
910
994
984
1153
1112
1023
1151
860
941
433
877
635
1053
632
1117
716
1091
506
688
242
771
587
762
300
549
539
850
826
1114
954
1073
845
876
760
910
870
973
799
1102
969
1162
834
955
747
894
757
847
675
788
496
459
524
828
486
889
604
827
580
942
958
1279
1115
1223
838
728
367
719
596
775
332
657
506
724
408
851
667
1033
652
892
632
816
608
903
667
1032
664
1009
567
888
516
815
448
827
499
960
559
974
496
905
483
866
457
1045
712
1035
629
791
778
870
922
868
802
876
759
1199
934
975
408
584
479
628
525
525
504
758
969
1032
988
785
797
691
812
943
829
890
504
637
349
729
537
858
540
869
565
822
410
604
251
719
533
662
302
579
637
937
870
1125
925
965
740
923
883
1135
957
1094
834
1169
1014
1166
812
905
732
865
742
751
573
794
583
399
462
753
465
870
592
969
723
947
819
1074
1059
1166
847
696
332
465
379
721
495
798
481
828
523
1007
728
1245
896
1063
671
712
513
814
628
1010
592
958
521
1015
662
1154
639
1050
539
1161
709
1110
482
700
288
668
460
1131
875
1202
818
955
966
1070
1010
845
560
744
599
1220
890
1071
506
772
594
732
487
722
578
760
766
796
877
892
867
696
488
661
545
855
529
763
344
932
709
1075
590
863
515
658
312
452
194
597
488
680
420
704
719
983
874
1270
1064
1082
687
758
733
1161
1095
1212
782
1104
982
1175
843
1018
802
1013
801
945
696
767
428
558
618
916
463
937
646
1052
741
936
792
1001
1028
1150
878
713
329
431
355
694
501
921
606
896
482
891
703
1293
1062
1243
725
763
492
681
442
775
493
882
524
902
565
1085
700
1018
464
1023
633
1105
539
803
326
880
678
1211
885
1145
942
976
928
1128
1008
919
434
780
621
1193
783
986
591
930
789
881
532
747
544
880
881
1142
1067
1192
905
809
457
616
434
779
531
889
454
935
585
836
486
809
575
785
394
697
357
746
507
870
653
1097
948
1149
836
1025
851
868
669
749
729
973
894
1134
880
1091
834
1139
906
1147
826
1176
947
1307
1004
980
428
353
409
848
596
957
518
833
638
895
852
1109
1091
1077
763
587
336
453
381
760
550
1005
670
1040
622
982
682
1205
941
1174
638
727
419
689
458
678
362
837
612
1045
639
1223
796
896
264
680
490
953
507
873
437
798
588
916
861
1010
915
1032
901
1266
965
1029
505
790
639
1129
865
1118
800
1266
1068
923
402
758
727
979
799
1141
1146
1266
926
919
589
660
401
804
638
1132
611
1142
632
886
502
793
555
676
324
666
403
900
658
1167
863
1203
897
1092
841
939
749
900
790
793
639
934
925
1107
792
996
785
957
760
1000
886
1218
1075
1488
1255
1147
482
411
462
865
546
923
519
790
581
864
871
1066
1032
1085
841
838
520
686
438
715
466
755
547
741
513
743
562
905
656
942
541
717
415
721
486
699
363
715
491
844
567
982
661
821
345
682
425
896
515
1022
638
986
749
835
740
709
691
774
639
1134
942
1018
547
653
648
896
838
956
770
1288
1179
1006
397
638
661
900
783
1248
1283
1406
1020
1041
736
785
454
672
474
867
523
914
498
741
500
710
478
492
230
678
525
1016
701
1138
857
1132
872
1068
848
805
600
660
692
827
761
1011
859
1086
803
1108
884
1000
788
875
915
1187
1248
1417
1237
1220
718
291
333
775
561
860
421
908
783
1017
808
1118
1135
1153
798
854
575
846
543
905
553
760
477
914
759
1063
594
805
412
613
369
539
357
709
532
631
226
559
442
983
698
1017
537
824
479
742
390
709
408
777
632
942
859
729
531
479
483
877
751
1218
837
931
605
680
719
1020
1023
1158
882
1234
1046
1065
599
773
608
705
616
911
1117
1147
969
947
772
948
627
824
471
700
380
838
561
893
586
683
364
460
323
770
556
1068
782
1028
736
893
791
921
786
708
555
840
901
1142
844
1226
958
1114
716
1151
1081
1056
809
693
935
968
1207
1142
1154
1275
938
306
343
657
415
677
372
836
749
1006
815
925
912
889
735
752
522
668
424
767
563
688
411
680
576
1025
700
888
379
636
463
680
432
698
449
623
269
640
449
864
529
873
560
1082
748
1063
501
807
485
708
635
899
871
621
294
532
570
875
548
956
763
979
711
926
856
1188
1086
1129
833
957
833
843
580
608
443
535
563
868
1095
1301
1129
998
702
939
722
1030
599
661
223
488
356
850
738
854
380
520
380
797
578
935
692
967
829
964
795
1061
922
973
678
1010
937
1341
988
1265
828
1173
942
1346
1177
1227
1064
882
1018
945
1200
1019
1119
1224
978
269
304
543
331
740
509
968
732
1103
914
1038
909
847
683
539
355
634
566
853
513
740
490
755
527
1100
782
955
363
702
565
866
535
635
290
572
371
734
428
764
438
891
653
1089
655
823
384
845
750
839
578
756
698
632
295
730
620
1043
642
809
508
697
640
839
768
1085
991
1197
919
886
604
802
708
779
452
583
552
772
972
1132
1040
990
782
1072
764
1257
763
936
317
600
354
889
763
979
481
683
469
690
454
862
810
1118
910
938
697
817
769
763
617
978
962
1285
892
1097
763
1032
959
1332
1291
1293
1153
1010
1132
1084
1288
1136
1224
1170
873
266
301
542
333
785
555
783
503
980
1018
954
714
779
806
780
477
624
439
616
401
738
579
786
448
849
599
739
338
790
687
1121
700
827
350
756
534
855
397
643
372
925
734
1122
591
922
620
1256
1059
1282
728
789
428
680
450
831
514
971
683
775
414
812
815
986
676
881
796
873
708
718
584
808
685
783
438
598
510
749
887
1284
1171
1196
789
1039
684
1085
634
829
313
590
334
687
561
841
544
786
544
713
485
784
763
1179
1045
1131
745
979
870
947
695
868
771
1043
830
863
632
908
1075
1491
1465
1446
1233
1281
1381
1316
1333
1129
1221
1074
806
467
501
853
444
1020
695
1086
688
1271
1139
1169
811
1001
935
953
531
721
476
853
577
980
605
847
445
703
429
579
331
816
704
1254
827
970
397
680
476
714
348
663
466
776
494
668
405
787
757
1233
924
1018
498
635
340
790
558
698
289
943
891
1045
465
627
554
692
600
736
670
735
643
853
761
1027
732
964
619
815
616
974
1019
1379
1095
1209
794
984
562
813
440
798
451
770
375
611
421
843
680
916
574
727
552
735
705
1096
1034
1216
828
957
753
771
630
629
592
866
829
851
685
744
953
1282
1495
1424
1253
1378
1511
1515
1437
1145
1157
976
787
542
573
1099
614
1175
700
963
590
958
946
1010
849
1202
1101
1209
628
693
351
822
666
905
437
680
445
631
347
527
340
655
494
925
680
991
586
869
529
809
435
912
671
926
533
729
560
972
864
1091
608
750
421
703
385
901
615
787
337
887
796
1139
650
934
660
844
616
878
754
743
526
810
827
941
613
902
797
1062
869
1228
1132
1427
1037
1073
617
710
390
464
218
615
474
950
539
840
458
954
742
959
581
741
628
763
703
1054
998
1258
895
1175
892
960
669
577
486
714
783
925
859
864
977
1190
1473
1458
1360
1472
1535
1444
1362
1026
1132
1020
872
637
665
1080
494
1088
743
1116
721
986
865
858
792
1166
1132
1055
452
488
335
818
693
790
306
468
356
749
526
794
408
700
449
759
527
919
655
872
477
738
530
907
750
775
512
558
546
820
669
749
311
304
127
535
469
908
545
887
503
940
679
1252
873
1106
597
845
656
1074
858
942
545
947
875
865
458
777
854
1019
824
1276
1217
1358
826
957
596
798
429
564
237
636
475
802
402
858
590
989
636
842
588
692
625
720
694
899
851
998
775
1004
836
991
751
672
488
646
718
896
938
962
1072
1066
1332
1209
1299
1348
1500
1346
1319
1043
1216
1180
965
571
595
892
367
916
699
954
613
788
795
756
781
1044
1040
1108
620
525
232
495
497
696
417
627
391
920
644
828
333
604
445
476
250
632
622
1012
647
809
528
761
753
811
670
719
555
809
536
802
387
594
273
654
440
858
515
946
572
870
518
932
695
1017
668
967
690
1080
797
987
586
957
748
818
465
694
735
868
758
1114
1032
1122
648
911
606
939
492
674
252
637
462
822
442
831
506
719
455
640
588
861
840
1053
836
795
609
876
897
1059
771
847
672
710
598
653
624
927
1111
1167
1183
1098
1323
1275
1416
1401
1461
1329
1362
1237
1379
1482
1108
370
390
577
252
759
654
860
564
759
823
835
846
1013
961
1056
654
704
391
669
509
692
403
672
428
854
541
729
373
635
500
605
378
816
687
1137
733
978
711
684
603
574
592
524
339
818
640
1056
488
774
341
621
344
655
399
746
463
877
595
1039
685
1090
717
1026
677
1011
723
875
519
883
690
844
480
734
639
684
496
873
842
1052
584
842
478
888
510
791
337
794
538
925
477
701
337
525
446
586
570
782
822
854
678
661
646
726
724
829
729
780
654
788
688
846
735
1092
1216
1449
1436
1311
1354
1316
1468
1293
1328
1179
1352
1332
1471
1648
1167
298
314
528
282
833
702
982
636
836
820
1002
1008
1112
900
953
607
658
386
671
495
728
436
813
518
720
318
504
393
607
501
617
452
804
642
996
659
1101
917
1090
728
771
543
554
269
694
524
945
472
787
370
629
321
573
328
693
457
969
646
1095
638
882
507
851
682
884
589
822
626
991
741
940
595
794
656
791
639
891
706
920
521
594
225
555
394
775
439
990
638
1027
489
592
219
547
604
840
693
765
719
889
837
908
746
1007
918
1155
874
749
486
581
643
964
909
1301
1301
1595
1564
1547
1518
1517
1529
1176
1164
1114
1449
1438
1466
1548
1060
130
143
516
443
859
568
851
634
714
685
1028
1153
1301
935
1006
602
802
507
988
647
708
239
641
528
535
124
392
467
557
361
708
689
1053
693
968
626
1108
922
1309
812
1032
546
665
266
552
346
707
417
715
353
740
445
804
424
799
449
1084
729
1233
633
831
391
705
588
734
500
734
646
891
706
994
800
1072
822
1143
858
1058
607
794
422
460
135
515
434
769
404
801
496
865
483
803
445
850
694
1079
856
717
520
654
801
1119
991
1145
814
1097
924
996
681
737
590
1013
1031
1382
1309
1533
1552
1488
1502
1383
1417
1124
1218
1122
1359
1304
1309
1290
858
212
223
674
516
872
502
849
690
961
861
1275
1205
1330
890
940
600
674
407
840
624
777
310
752
546
701
247
674
609
696
333
737
732
1064
659
725
437
883
869
1409
890
1314
653
897
336
504
225
545
382
655
326
782
508
960
508
836
391
964
646
1179
629
758
281
608
562
643
404
767
771
948
677
1060
977
1220
892
1082
810
1029
660
839
417
536
202
598
448
930
555
744
299
631
463
751
429
738
606
1202
1039
1074
628
792
744
1170
1028
1212
800
1009
825
1064
832
933
620
954
984
1284
1307
1433
1501
1408
1457
1327
1364
1134
1163
1166
1211
1092
866
855
570
256
269
615
416
722
427
761
645
961
877
1244
1138
1118
746
851
688
913
596
974
581
738
300
678
471
640
259
748
653
879
445
1019
878
1126
575
800
608
1043
819
1130
646
1048
623
992
503
753
321
672
416
801
439
972
582
1142
613
858
304
860
624
1040
512
725
371
608
479
522
367
760
798
839
535
838
876
1323
1094
1355
958
1138
837
945
638
763
455
811
526
826
399
434
144
550
544
933
543
799
553
1088
948
1085
653
800
621
1049
910
1113
698
864
671
1179
1009
1330
780
1009
899
1356
1485
1350
1256
1049
1290
1103
1184
1208
1148
1244
895
899
523
639
389
404
448
794
497
894
519
906
655
1187
1046
1395
1092
1228
891
1002
722
980
663
980
538
908
505
922
513
913
517
909
556
1000
662
1168
783
1047
562
792
573
1015
828
1001
566
730
468
851
572
838
362
624
329
829
557
1075
569
1059
545
743
259
739
551
923
489
873
575
904
606
810
546
889
742
894
608
914
821
1189
988
1028
816
919
988
982
874
854
726
764
570
903
647
677
204
755
676
977
455
636
475
870
801
946
631
748
551
861
729
872
551
819
664
1149
878
1248
742
908
814
1237
1436
1367
1316
1084
1145
876
844
996
880
989
483
644
336
598
338
591
708
911
506
847
542
1054
775
1309
1017
1346
1060
1274
989
1191
844
1044
608
1001
590
1082
590
1092
599
885
416
658
382
952
752
1158
629
877
498
835
616
873
605
769
567
509
319
639
575
763
333
622
364
981
677
1093
473
899
486
716
303
759
537
709
312
670
573
1019
754
1046
658
1099
849
1081
675
901
720
930
827
957
952
870
941
774
966
849
993
954
930
1061
835
829
395
878
664
1189
661
952
582
984
841
823
514
577
554
759
650
855
603
966
719
1100
721
931
552
877
987
1281
1334
1272
1306
1037
922
716
591
860
658
739
267
601
471
885
512
530
727
935
655
807
491
966
793
1411
1100
1409
1052
1218
951
1225
915
1179
643
1116
647
1293
719
1220
593
924
460
752
414
917
643
1056
566
865
479
883
632
765
462
703
646
647
409
655
559
779
419
618
307
937
688
902
276
655
442
660
310
713
503
584
237
643
621
1078
764
1011
618
938
729
939
652
985
834
1061
844
1024
961
1060
1039
992
1039
986
1157
1026
1127
1240
1243
1261
779
1024
616
947
502
775
563
794
702
822
699
656
517
833
838
839
474
766
705
982
653
788
548
836
1047
1230
1323
1290
1293
1151
833
676
359
633
488
699
379
772
577
939
487
500
742
870
637
768
588
934
740
1287
1046
1293
1015
1017
813
1015
847
922
435
853
575
1025
500
879
459
696
348
786
550
987
550
958
513
704
332
647
504
551
351
595
642
710
489
753
645
911
509
609
255
849
651
753
167
451
347
646
406
808
521
689
342
756
637
1029
708
888
561
822
676
818
592
798
714
911
796
1202
1126
1341
1064
1083
1009
1175
1303
1425
1411
1544
1489
1496
1136
984
505
625
422
811
685
1008
812
1093
872
835
538
736
743
930
697
841
608
945
823
884
690
811
1119
1265
1436
1282
1072
935
630
821
537
845
489
766
481
706
436
749
453
330
566
907
839
1005
668
770
548
960
921
1147
1012
1033
842
1053
823
1007
502
924
543
1003
503
869
449
737
408
773
487
1004
615
1175
636
693
175
467
459
527
346
515
558
608
487
913
861
1137
555
662
286
806
575
759
245
571
391
846
582
1008
574
724
347
834
724
921
524
730
595
735
553
773
664
873
701
1072
938
1352
1078
1407
1114
1215
1029
1185
1242
1294
1296
1398
1498
1529
1387
934
477
310
347
625
618
731
613
959
939
873
504
711
746
982
736
711
458
924
1099
1341
1138
989
1108
1129
1366
1216
906
751
428
745
573
879
506
986
700
776
293
479
333
333
547
1118
1051
1244
698
763
533
910
886
1128
1025
1131
925
1186
858
846
292
771
585
1042
499
880
466
773
426
744
439
997
644
1119
537
650
208
499
437
505
337
460
489
639
570
931
757
854
376
702
514
1084
652
1006
423
690
348
771
580
880
483
782
520
1099
829
1066
578
932
747
939
601
790
619
719
570
856
823
1131
931
1128
934
1076
1022
1191
1214
1398
1395
1580
1544
1417
1319
896
693
417
447
678
668
987
828
1078
843
730
451
503
584
814
714
741
537
880
1126
1274
1279
1004
1155
1143
1265
1034
630
631
421
1006
800
1046
455
756
521
605
294
685
535
253
440
914
934
1219
782
785
484
871
897
1052
931
1025
917
1080
758
940
483
974
589
1022
478
1045
647
958
411
710
399
978
651
1027
436
658
302
639
471
623
406
610
544
733
580
826
570
699
363
745
529
1049
608
1164
630
916
393
805
606
982
596
746
399
773
649
960
678
1064
791
1093
711
897
603
628
473
761
797
1077
867
1152
975
1212
1064
1086
1018
1038
1189
1426
1552
1291
1179
893
963
631
555
557
575
821
763
974
801
744
509
649
678
859
668
761
626
827
1028
1211
1379
1210
1247
1212
1088
978
566
682
410
823
609
945
540
756
428
565
345
711
506
150
311
566
697
957
753
914
654
1094
948
952
763
623
677
770
693
743
358
871
620
1027
457
922
532
831
376
877
578
1000
490
720
296
703
494
798
440
567
352
732
650
902
565
708
387
608
411
864
565
1005
522
952
513
775
401
788
605
856
488
725
500
756
560
989
825
1074
670
968
717
734
432
406
410
571
648
977
886
1116
876
1202
1097
1111
950
953
1116
1400
1554
1377
1223
1155
1280
986
722
740
687
985
760
1117
862
1001
667
788
657
771
631
923
835
977
888
957
1172
1247
1328
1292
933
903
484
904
634
1076
626
1038
605
679
278
623
543
925
510
65
201
327
559
757
702
759
574
1032
969
1103
879
818
755
866
716
816
413
887
585
947
414
898
546
883
407
867
532
851
386
565
244
805
654
984
496
597
326
764
685
830
385
637
433
907
599
990
450
805
410
796
481
778
469
853
606
1013
646
841
466
616
493
804
728
1011
716
1087
798
983
601
725
550
771
686
941
783
982
807
1183
1093
1209
986
825
886
1056
1391
1318
1286
1347
1472
1383
1034
1045
744
896
541
950
759
1180
810
1160
767
1108
803
1171
887
1079
897
1098
1234
1585
1431
1242
615
749
489
874
552
977
599
1047
637
737
302
618
502
801
415
257
380
634
706
769
605
854
807
1259
978
1179
936
891
768
884
719
750
340
774
543
1027
535
938
461
898
504
1031
600
735
202
533
393
853
539
1043
664
798
365
822
713
857
365
726
510
975
558
1021
506
821
373
672
423
860
628
931
516
941
661
1035
665
805
516
849
757
1026
707
1006
735
1045
733
1082
771
961
636
903
766
781
585
827
908
1126
1020
970
925
986
1222
1365
1459
1527
1498
1543
1267
1450
981
1210
602
1024
641
1060
668
1141
731
934
563
1054
1020
1163
934
1222
1319
1529
1116
1015
492
687
414
903
639
1062
596
995
592
898
506
930
594
1021
525
486
617
889
771
781
614
730
722
1089
921
1351
1166
1184
837
822
586
604
317
739
521
867
396
816
475
845
435
949
589
684
168
542
442
861
491
1167
816
1115
524
971
711
912
399
886
591
948
400
706
349
733
466
871
549
917
553
875
525
1084
810
1060
576
825
647
986
761
1126
802
1039
678
1137
893
1184
717
853
570
894
796
903
639
889
868
1299
1166
1252
981
1065
1167
1233
1324
1256
1335
1266
1240
1314
975
1014
502
932
617
1065
619
1020
537
746
470
808
905
1027
999
1116
1074
1271
853
990
484
663
323
705
536
773
414
854
639
907
469
709
407
776
455
708
837
1163
829
1073
870
1025
783
922
722
988
1009
1075
896
808
510
469
246
721
563
817
306
713
466
751
353
972
703
788
184
604
517
769
342
989
757
1221
670
1219
798
1115
524
933
506
738
268
654
436
717
374
712
489
926
626
1005
608
1144
823
1132
668
843
578
1032
874
1176
738
969
682
1006
778
921
589
693
543
987
901
1022
622
864
818
1249
1109
1453
1167
1249
1083
1244
1347
1147
1145
1107
1336
1214
901
764
469
878
659
1028
573
932
523
546
280
639
898
1043
884
1063
868
1097
608
977
565
779
353
712
522
806
465
953
697
970
479
744
425
721
369
550
660
1021
844
1215
1029
947
597
734
767
1153
1132
1171
867
811
524
615
356
993
709
915
262
583
388
545
238
814
672
947
408
776
506
706
340
868
649
1048
575
999
625
868
414
707
382
659
321
665
422
636
345
642
482
733
478
995
792
1116
649
934
656
1029
769
1110
756
1098
774
1087
766
965
665
794
597
812
675
934
724
846
614
1017
952
1473
1156
1609
1214
1291
1000
1195
1300
1128
1102
1055
1340
1158
942
738
510
800
608
1110
739
1089
594
810
508
678
609
977
852
1123
662
999
539
992
597
873
430
715
452
896
646
1009
592
618
234
455
360
484
184
442
518
915
849
1376
1231
1122
654
787
826
1224
1145
1354
1023
1121
650
857
447
931
544
921
442
725
362
728
471
1000
645
865
382
701
488
595
288
611
470
743
436
722
460
715
411
676
367
800
509
1037
644
792
324
638
551
688
421
680
582
891
656
1044
756
994
624
1011
792
1211
841
1278
885
1134
717
1004
767
1113
827
1105
764
941
683
920
783
1264
1099
1587
1211
1157
810
1121
1343
1222
1080
1204
1479
1303
1033
894
672
669
401
726
574
899
622
997
691
893
540
852
615
1011
639
995
527
971
605
984
543
823
478
1053
813
940
368
23
23
123
123
817
330
220
259
488
530
856
829
671
398
571
666
1057
890
986
631
695
421
656
385
635
287
573
332
474
198
535
415
746
413
584
285
487
323
367
178
302
231
290
156
257
203
290
182
406
298
637
403
704
399
534
283
522
428
388
171
320
375
528
386
595
453
648
449
708
525
844
596
875
573
818
554
842
610
816
535
687
487
639
498
575
443
752
717
1020
773
736
520
762
905
875
745
801
941
888
778
746
539
429
191
377
356
482
337
