341
541
583
627
598
571
548
539
377
216
354
474
534
568
324
97
172
276
366
458
302
143
284
428
384
348
264
181
352
523
429
336
272
210
161
112
290
470
320
173
265
359
252
145
221
300
254
209
367
528
528
531
449
366
449
537
549
562
395
232
277
320
371
426
423
421
459
499
522
548
398
250
382
516
476
435
255
73
194
322
376
457
434
410
528
629
395
162
293
427
294
159
160
164
356
551
585
621
597
584
401
289
519
697
747
668
556
514
368
274
189
97
198
300
244
191
192
194
266
341
421
506
306
86
186
285
306
346
97
211
129
45
33
24
121
222
65455
65126
65354
59
65460
65339
65497
112
11
65443
65335
65229
65332
65433
65335
65238
65186
65134
65495
320
199
78
36
65530
65349
65168
65369
36
65503
65431
65292
65153
65226
65301
65208
65113
65318
65524
65395
65265
65274
65283
65425
33
65429
65290
65458
87
65445
65268
65469
136
134
130
65500
65331
108
426
249
69
65522
65439
65494
16
7
65533
65410
65287
26
302
286
255
196
137
62
15
24
39
65409
65218
65325
65435
152
405
56
65238
65518
263
134
12
65413
65230
65292
65366
65424
110
76
65517
150
130
85
156
221
296
0
65236
65344
65449
65510
40
65454
65330
65379
65405
65445
65487
65443
65400
33
272
65396
65260
65241
65221
65346
65479
65530
29
106
171
144
144
65469
65256
65430
60
70
83
25
65502
55
144
27
65446
65446
65444
133
361
187
12
77
142
184
225
140
56
65451
65311
65403
65493
65449
65405
65512
84
65514
65409
7
143
65500
65312
65345
65382
65339
65302
65340
65373
65396
65420
98
312
270
232
49
65399
65303
65204
65162
65122
65279
65435
78
258
49
65377
65377
65378
65470
26
65468
65368
65262
65147
65204
65279
65234
65197
65427
107
158
208
313
422
313
201
65505
65273
65339
65407
65291
65162
65437
109
65277
65043
65250
21
14
65333
72
325
293
348
287
217
164
110
242
380
251
94
65481
65331
65425
24
31
43
65454
65304
65526
65509
109
253
93
65465
65522
22
160
310
181
69
65532
65447
65525
70
72
75
208
340
266
192
221
250
274
298
149
0
65526
65516
65427
65337
65511
150
65530
65371
72
314
229
142
160
177
303
432
211
65524
65462
65400
65337
65270
65534
264
205
148
128
108
65484
65324
65343
65362
34
247
243
237
85
65464
3
81
109
136
35
65469
65343
65218
0
318
159
2
65415
65291
65530
226
4
65317
65472
101
91
82
284
483
51
65156
65457
223
4
65320
65469
80
218
357
157
65447
65327
65199
65319
89
97
78
212
118
10
2
65528
14
150
283
73
65371
65359
65347
65302
65304
65400
65491
65
156
65534
65375
174
341
110
65417
65315
65191
65160
65145
65468
270
34
65321
65469
81
99
119
65498
65341
65363
65383
65375
65368
23
214
203
193
3
65347
65407
65468
65369
65269
65273
65277
17
294
204
114
279
444
192
65477
111
281
339
394
93
65328
65446
37
109
177
317
462
227
65528
65498
65456
65514
27
65351
65141
65372
77
86
102
108
111
26
65474
65349
65223
65362
65501
65468
65434
169
444
177
65446
65535
80
236
392
273
156
159
174
65414
65112
65276
65438
65372
65308
41
311
29
65277
65501
191
94
65532
148
220
65398
65155
65330
96
59
65390
65442
65398
65388
65495
119
254
79
65429
65332
65283
65454
87
228
346
162
65513
48
124
79
165
7
65357
65371
65383
65321
65308
65271
65223
65253
65263
65489
184
65461
65200
65308
65417
65479
7
21
35
20
5
65425
65308
65273
65237
65323
65409
89
306
127
65483
112
282
65522
65219
65527
301
21
65280
65310
65337
65442
15
224
445
439
427
114
65343
65423
65508
65509
65507
133
277
380
481
271
47
67
68
65480
65364
65375
65419
65377
65333
29
256
322
389
218
48
65418
65252
65505
224
65474
65183
65471
225
143
53
108
174
65496
65284
73
395
67
65274
65525
239
65527
65276
65336
65399
86
318
214
74
65437
65218
65197
65354
105
430
471
274
199
156
65486
65324
65422
25
249
474
388
277
235
195
103
12
65476
65405
65423
65295
65454
41
189
384
208
62
65484
65338
65355
65364
3
180
76
65507
65520
65535
65511
65488
31
112
65373
65098
65154
65207
65279
65351
65281
65211
65436
126
119
113
41
65505
65405
65304
65314
65330
65502
138
65431
65172
65298
65443
55
199
236
273
172
75
65477
65338
65435
65532
137
289
178
74
137
198
300
389
475
516
449
359
166
22
65534
65528
65517
65499
113
264
68
65408
95
319
176
34
65522
65474
65427
65373
65329
65283
22
307
203
99
98
88
65399
65178
65529
351
151
65487
65431
65374
65423
65474
93
161
2
65460
13
275
338
250
116
65358
65094
64987
65149
65315
65500
125
66
8
65446
65352
65371
65389
65380
65369
6
65483
65515
21
65369
65241
65428
67
281
471
433
394
253
115
88
61
16
65509
65386
65262
65281
65301
65234
65166
65314
65460
65512
29
132
237
65438
65102
65350
63
65496
65390
65437
65495
65411
65311
5
242
74
65443
65403
65366
65401
65419
65388
65369
65465
22
65435
65312
12
256
271
298
160
14
65438
65337
65354
65393
83
312
325
273
303
286
65489
65183
65255
65377
65266
65150
65447
205
10
65350
65415
65481
65451
65425
65461
65493
65482
65460
35
148
53
65508
80
182
65533
65345
78
358
209
54
65451
65311
65361
65413
94
287
172
65529
65359
65328
65197
65029
65163
65295
65492
157
243
310
65515
65181
65272
65366
65382
65401
65261
65115
65305
65499
65
94
65471
65365
65419
65493
65477
65433
65446
65455
138
354
102
65390
65501
77
132
188
47
65441
65518
57
64
70
170
272
259
245
315
386
207
29
9
65523
15
50
91
121
123
115
13
65460
154
403
73
65258
65306
65357
65363
65367
65222
65073
65223
65379
27
222
65451
65145
65293
65429
4
114
65411
65170
65287
65445
65414
65413
50
180
329
410
351
253
65474
65238
65257
65284
65297
65307
65397
65487
65325
65168
65479
252
320
377
1
65143
65179
65239
65344
65474
65524
14
65377
65204
65435
129
193
262
87
65444
65518
64
116
102
65333
64949
64910
65064
65238
65489
220
349
235
125
65479
65302
65246
65189
65267
65342
3
227
214
151
65419
65357
65403
65500
191
389
301
201
65458
65186
65234
65274
65463
119
65515
65378
20
196
251
306
165
24
210
396
177
65494
164
371
65498
65087
65320
18
65508
65462
65473
65483
16
71
65441
65302
65337
65362
65402
65439
64
222
181
150
0
65379
65430
65476
13
85
65405
65199
65183
65179
65358
65520
65464
65400
65391
65400
65497
56
21
7
100
237
296
349
431
370
234
69
65517
11
2
65521
4
21
148
278
87
65432
65358
65280
65413
65520
65486
65455
65508
80
123
150
65448
65188
65362
7
65496
65448
189
466
210
65498
65472
65395
65269
65084
65343
270
197
63
65473
65300
65225
65155
65440
192
81
65507
115
269
256
275
383
384
65306
65204
65471
203
22
65345
75
343
303
270
140
6
112
216
161
112
65467
65280
80
417
178
65477
86
231
65484
65199
65241
65285
65318
65350
65430
65510
65514
65519
65446
65357
0
200
65458
65187
65349
65492
65373
65255
65493
203
303
405
87
65301
65484
128
128
119
13
65454
65459
65458
65496
6
65472
65421
65508
55
86
95
118
134
157
186
135
139
78
73
300
320
109
65465
65445
65507
155
331
405
478
148
65353
65308
65265
78
419
343
239
243
284
105
65488
115
249
65524
65262
65327
65391
65474
26
65388
65194
65252
65282
65381
30
204
357
163
65478
65411
65351
65309
65265
65516
234
142
63
150
258
220
129
145
142
65466
65516
126
237
136
28
65403
65243
65514
254
269
285
47
65342
45
284
218
153
35
65451
76
237
85
65471
65509
9
5
3
224
444
196
65486
65465
65436
65429
65426
45
211
138
53
116
180
280
390
30
65201
65329
65450
114
318
220
117
65531
65405
28
190
186
193
42
65449
147
368
195
65526
65426
65324
65354
65399
65236
65078
65341
51
65466
65441
50
228
273
113
115
127
108
184
65442
65154
65397
101
211
326
30
65268
65285
65285
65363
65430
65467
12
147
283
16
65261
65348
65444
65490
65535
65443
65296
65428
96
35
65525
65524
65482
117
293
167
43
234
424
150
65422
124
387
175
65463
12
72
65516
65432
117
274
186
82
80
79
65471
65326
65215
65105
65297
65494
65321
65145
65381
77
248
422
92
65299
65399
65498
65494
65489
126
301
163
24
65478
65395
1
166
71
65458
65352
65289
65461
86
101
114
157
209
40
65407
65487
22
20
11
200
394
136
65404
65493
78
18
65502
120
257
105
65466
16
84
12
65496
65421
65375
65512
103
65516
65383
65428
65466
25
111
52
132
450
735
644
330
65530
65278
65340
65463
65533
59
62
66
24
65516
65408
65301
65270
65211
65511
284
93
65498
3
15
65527
65482
5
38
167
316
93
65464
49
128
65534
65399
76
293
324
353
165
65518
27
107
86
20
119
208
65486
65243
65472
147
65506
65471
65419
65370
65206
65041
65271
65502
24
80
33
65528
19
43
65467
65352
65267
65182
65283
65386
65447
65510
65410
65308
65450
56
49
37
65517
65485
223
498
324
85
65529
65492
65520
2
65499
65463
65406
65352
65366
65372
10
180
84
65525
65375
65217
65467
224
325
442
360
219
104
65505
65442
65379
65289
65239
40
379
212
40
51
55
213
373
311
247
13
65315
65435
19
65499
13
65524
65451
40
65493
62
325
120
65449
65517
47
145
243
216
188
65493
65252
65177
65134
65418
217
277
293
375
408
212
65435
65454
106
25
65462
102
260
127
65535
65391
65246
65368
65488
65298
65144
2
375
35
65192
65386
64
126
175
65464
65241
65401
65264
65490
182
143
100
217
342
154
65501
65464
65421
111
339
142
65481
65494
65508
74
177
246
314
84
65391
65328
65262
40
351
266
238
135
65479
65515
39
188
355
50
65277
65425
41
1
65487
159
365
199
36
5
65509
65275
65084
65326
31
39
65522
29
56
118
201
4
65379
15
174
145
105
60
12
65374
65215
65315
65413
65512
76
65528
65441
65459
65470
65412
65346
65322
65458
311
492
89
65216
65218
65301
65534
217
15
65341
65517
171
266
433
292
129
184
167
242
331
362
421
447
338
53
65387
65397
65437
65400
65358
65319
65283
65265
65245
65210
65195
5
369
123
65340
78
389
52
65230
65528
302
65503
65184
92
183
53
65457
205
486
281
82
65443
65271
65385
65493
65454
65412
65518
91
66
43
58
73
30
65521
50
114
197
284
61
65370
65263
65209
65289
65247
65411
130
219
287
66
65386
127
400
120
65370
65331
65295
65497
163
69
7
225
440
198
65441
65337
65226
65167
65145
65459
235
140
43
211
354
65506
65150
65225
65308
65345
65372
65489
69
65403
65195
65394
48
21
21
155
263
129
39
205
475
395
68
30
74
65469
65353
65271
65216
65263
65377
263
641
708
689
383
27
65465
65435
65432
65500
111
217
97
65463
65349
65282
65379
65473
65457
65442
94
285
101
65500
55
75
65409
65214
65508
266
7
65290
65259
65238
65377
65518
72
136
66
65534
25
52
65350
65109
65313
65525
65475
65426
65269
65100
65247
65397
65341
65289
65225
65159
65132
65105
65339
36
193
354
65491
65091
65397
192
75
65417
1
198
65479
65191
65400
81
53
23
65440
65322
65367
65413
65402
65410
65498
42
119
144
45
65517
65532
34
75
89
65485
65355
65483
53
65386
65209
65380
16
65477
65394
65412
65434
65394
65351
65259
65153
65348
28
65465
65370
65488
55
104
138
65409
65273
147
463
392
223
65411
65185
65506
323
116
65411
8
37
65480
65384
65380
65420
65449
65511
65517
65512
65518
65522
65524
17
126
210
96
65523
141
296
122
65513
198
404
315
182
177
199
65534
65322
65467
90
112
133
184
242
53
104
37
65510
65346
65180
65399
84
65513
65408
65402
65393
65530
124
12
65439
65515
58
30
2
65334
65128
65413
165
65429
65152
65430
190
163
136
223
272
57
65410
65286
65146
65328
65516
65445
65377
65443
65509
65524
18
81
133
87
4
65480
65448
29
157
100
37
29
11
65497
65450
1
100
7
65455
55
167
261
363
195
34
65306
65030
65436
331
86
65376
26
175
65445
65191
65282
65383
65397
65403
65470
103
107
42
65505
65429
229
550
537
463
24
65131
65233
65375
65523
130
39
65520
65457
65334
65269
65219
65252
65353
8
145
65452
65229
65267
65319
65279
65264
65
327
208
124
30
65460
8
107
169
230
126
23
65529
65498
116
238
3
65305
65308
65310
65532
223
302
376
149
65454
139
364
180
65531
72
150
102
53
101
149
218
290
65495
65157
65489
308
6
65224
8
334
186
23
96
159
149
156
154
153
189
239
115
65513
65465
65390
65352
65346
65532
179
78
65492
65511
11
65417
65297
65482
122
16
65451
65464
65467
65441
65408
65429
65460
146
369
358
354
287
233
87
65443
74
237
65519
65277
65406
12
72
140
65446
65232
65438
145
249
251
65503
65217
65387
49
65450
65326
65403
65469
11
51
65508
65495
65521
65488
65439
65477
65328
65169
65433
120
149
185
65470
65252
4
252
7
65281
65226
65183
65262
65345
68
334
224
114
48
65517
33
80
65397
65260
65424
54
181
312
68
65356
65499
102
8
65454
65488
65526
65527
65522
154
325
144
65497
12
64
65409
65218
65421
85
65497
65387
65459
65511
65533
53
65526
65435
7
98
67
55
103
167
97
6
136
252
65414
65069
65134
65192
65242
65283
65286
65291
65359
65425
65449
65485
65326
65166
65384
51
65338
65100
65275
65454
65320
65176
65338
65503
182
408
53
65215
65370
65524
4
39
128
232
194
151
14
65419
65372
65289
65378
65469
170
405
65511
65101
65134
65162
12
410
197
65443
65320
65243
65428
100
110
62
65376
65306
148
439
402
349
340
356
215
77
227
319
272
256
298
327
347
388
52
65246
65408
35
74
111
221
331
65534
65533
12
29
86
143
105
65
65402
65203
65394
52
65442
65295
65448
60
55
54
171
288
171
55
65370
65147
65500
315
76
65388
65462
65534
65448
65358
65432
65500
68
162
65415
65139
65291
65445
16
106
45
8
65519
65490
65372
65238
65305
65393
69
277
117
65470
65372
65277
65370
65476
87
252
236
201
187
196
65
65453
65437
65410
65363
65305
65207
65127
65252
65403
65458
65520
146
310
240
140
129
90
153
231
168
117
49
65521
122
260
123
65524
186
338
124
65416
65322
65338
65348
65353
65442
65415
65142
65039
65383
96
65457
65289
65281
65311
11
190
137
89
68
47
110
183
145
112
58
3
31
59
65402
65207
65282
65360
65477
65416
65381
65347
65269
65188
65461
200
107
15
65517
65482
40
133
49
65499
65375
65254
65355
65456
164
410
160
65442
70
235
140
45
159
303
133
65476
15
56
18
18
65457
65340
65459
35
219
435
289
126
117
97
198
318
195
66
58
41
57
67
89
107
12
65463
65400
65385
65490
65530
39
100
15
65472
65375
65265
65113
64973
65181
65443
147
394
245
63
65523
65413
65446
65469
25
122
43
65521
65477
65438
65382
65321
132
447
192
65449
65314
65164
65162
65273
65427
108
48
65341
65307
65341
65328
65372
65312
65193
65256
65346
65283
65219
65463
126
102
103
65460
65271
65239
65219
65313
65402
65531
129
3
65412
65345
65278
65285
65295
65355
65164
65405
114
89
65
38
10
65531
65513
96
220
75
65464
65529
57
50
44
65380
65180
65379
43
11
65514
65372
65232
65311
65361
65463
77
111
156
144
54
65429
65340
65504
90
65446
65290
65259
65220
65376
65520
79
193
98
0
69
120
65468
65284
65491
169
265
363
142
65451
65251
65060
65196
65326
65209
65084
65378
136
65474
65289
65243
65251
1
273
261
217
198
152
50
65474
65312
65173
65310
65463
65421
65374
65504
75
27
65485
65533
23
65370
65229
65228
65307
65403
42
174
121
25
65390
65112
65065
65329
65491
86
208
316
463
302
88
86
97
111
115
62
22
65411
65263
15
302
14
65262
65465
133
230
328
136
65482
108
209
95
65518
23
66
65479
65355
65468
45
129
216
65519
65286
65529
234
62
65424
88
291
65444
65060
65301
6
41
81
65442
65233
65271
65318
65366
65507
222
393
391
376
179
7
65437
65323
65441
11
65418
65310
65483
119
65415
65163
65415
123
57
65532
16
48
65522
65465
121
327
150
65450
65460
1
65365
65165
65281
65404
65491
82
166
255
350
355
176
65514
65469
65457
65449
65462
101
291
65533
65230
65535
251
112
65500
65523
60
65231
64919
65330
226
198
187
226
135
65385
65012
65079
65329
65444
34
128
155
104
75
65462
65324
14
195
54
65469
65389
65300
65343
65395
65451
65508
65377
65245
65376
65507
4
37
186
334
137
65479
131
260
65472
65144
65174
65205
65194
65188
22
392
212
30
217
406
35
65196
65273
65351
65453
20
76
132
57
65517
228
481
302
113
47
65436
65247
65255
65506
139
221
219
37
65457
58
169
157
163
64
65501
65478
65446
65
203
78
65516
65510
65499
65256
65029
65258
65476
65316
65159
65425
130
39
65518
65526
65528
81
190
173
189
361
448
374
259
0
65310
65328
65363
65408
65483
107
257
65534
65240
65337
65365
65171
65094
65190
65323
65305
65324
90
334
121
65321
65425
65520
65425
65483
67
183
337
432
427
428
260
118
14
65412
65471
4
168
315
65532
65227
65494
227
123
17
65413
65274
65477
145
12
65412
65249
65086
65341
62
4
6
202
397
345
293
181
77
65472
65329
65414
65497
145
326
232
138
78
20
65468
65381
65476
33
51
71
65452
65297
59
368
157
65374
65170
65129
65322
65515
65500
65365
65370
65423
65439
65465
65460
65455
32
133
131
118
197
287
65471
65142
65162
65171
65291
65420
65360
65286
65320
65335
65403
65493
18
75
168
292
252
223
150
38
78
55
65383
65219
65213
65228
65400
35
65488
65416
65396
65354
65424
65499
65365
65191
65229
65335
65218
65097
65361
71
65513
65355
65197
65051
65062
65184
65347
65503
161
291
195
109
35
65505
102
248
364
442
335
253
228
179
252
344
220
96
78
59
175
292
101
65442
65482
65523
65387
65250
8
304
65489
65446
7
102
154
206
254
305
29
65292
65345
65395
65305
65213
19
361
205
50
81
113
98
82
198
314
92
65406
48
234
166
53
118
221
65488
65253
65481
113
76
76
45
6
65529
65511
65462
65393
65496
79
5
65487
65499
65504
191
414
275
123
115
129
233
296
237
216
52
65430
12
126
65413
65171
65370
65488
65426
65375
65175
65048
65338
60
80
137
134
108
73
23
55
124
136
130
156
92
51
88
65460
65308
65526
119
68
148
65470
65244
65434
43
65494
65408
65237
65070
65137
65227
65248
65248
65482
165
148
127
31
65493
65488
65479
65341
65202
65402
70
10
65480
65350
65221
65318
65417
65508
60
65454
65314
39
85
65447
65273
65240
65204
65407
75
166
261
52
65377
65237
65097
65196
65293
65433
37
63
91
135
179
60
65474
65422
65378
65236
65087
65458
295
280
211
65533
65374
65385
65424
65491
12
54
64
65519
65429
65275
65142
65147
65169
65191
65202
65414
78
88
116
65534
65403
65508
89
65450
65257
65254
65298
65486
136
161
115
227
350
180
65529
65474
65445
65452
65468
65452
65464
65438
65412
29
153
85
27
97
174
238
318
264
115
170
268
253
287
216
117
186
272
241
192
124
59
105
153
101
52
151
280
109
65435
65382
65323
65365
65386
65314
65281
65322
65363
65363
65361
65392
65427
65335
65236
65388
3
117
232
255
278
23
65306
131
266
328
394
240
84
0
65453
65529
71
109
143
206
269
176
85
22
65494
65496
65498
65386
65274
65333
65392
65421
65451
0
83
65436
65263
65400
65441
19
243
131
60
213
298
263
203
184
190
38
65442
65450
65454
65440
65416
65499
36
65438
65312
65451
57
65391
65178
65407
157
65496
65273
103
453
446
394
308
223
255
297
222
189
141
81
44
31
65345
65094
65124
65146
65358
51
86
122
48
13
166
229
132
39
187
382
96
65359
65519
113
268
434
65535
65093
65401
179
164
163
77
65527
63
116
65510
65362
65483
65
65366
65136
65381
94
58
19
152
292
254
220
149
77
85
94
179
264
149
32
65504
65477
41
143
101
58
65519
65445
58
208
214
218
176
132
8
65421
94
306
35
65297
20
280
189
99
229
354
264
177
34
65450
25
66
65507
65443
65403
65450
219
416
171
65496
65357
65246
65441
70
52
42
92
138
204
274
244
214
240
252
203
179
248
370
395
325
237
153
82
52
65533
65374
65386
65481
65449
65466
65457
65440
65510
65523
58
140
174
218
8
65334
65518
171
95
43
101
125
65529
65380
65230
65089
65202
65362
65489
31
158
300
271
239
144
54
65439
65313
65492
97
152
216
124
22
132
263
350
434
119
65325
51
313
310
307
210
118
131
149
65466
65247
65300
65356
38
260
65301
65069
65225
65379
65390
65400
65362
65326
65486
111
63
17
65479
65402
65307
65209
65332
65457
46
174
13
65384
65390
65398
65534
131
65468
65278
65506
221
65531
65251
65310
65362
65381
65452
65383
65272
65311
65400
65410
65401
39
197
203
212
147
88
65484
65342
65318
65296
21
284
216
195
65496
65228
65518
211
65504
65261
65223
65185
65416
141
65380
65109
65172
65220
65264
65325
65316
65310
65476
86
41
8
65381
65192
65300
65364
65380
65445
65356
65373
65454
65448
65499
65525
44
151
45
65423
65262
65115
65339
30
65478
65395
65422
65467
65506
65507
51
135
188
242
33
65372
65459
12
146
284
166
43
65496
65411
65413
65415
65508
57
65504
65413
65282
65152
65379
92
36
76
65466
65317
17
255
170
90
65377
65126
65339
12
136
264
163
58
65534
65475
65448
65422
65318
65212
65413
77
65495
65412
113
328
89
65361
65380
65401
65503
57
130
211
65475
65251
65430
55
184
283
310
365
347
309
303
322
84
65354
65483
81
115
210
116
0
24
65533
53
70
65446
65247
65172
65178
65315
65535
11
65513
65513
65463
109
311
71
65392
65278
65174
65159
65147
65426
49
65286
65017
65037
65146
65173
65269
65407
65468
152
337
114
65467
65436
65371
65329
65294
65267
65246
65270
65305
65387
65467
65409
65333
65311
65274
65409
28
65295
65027
65234
65438
78
264
76
65423
16
144
170
198
65521
65299
65513
190
91
65526
65443
65371
89
181
52
65461
65432
65403
158
458
154
65381
65391
65396
65418
65438
65413
65393
65365
65336
65496
118
246
377
357
327
163
55
230
388
314
133
69
60
65515
65473
65337
65181
65466
238
206
168
158
105
12
65497
65525
5
65511
65476
65405
65339
43
295
132
10
95
118
303
439
353
245
82
65518
42
179
83
65493
65520
78
198
140
106
118
164
224
91
25
99
106
229
278
65515
65383
65473
65534
41
14
65529
14
65481
65389
65366
65365
65377
65367
53
277
223
175
146
140
219
271
381
485
345
197
83
65522
193
402
240
75
5
65470
65523
45
27
3
65505
65469
111
292
167
46
243
462
221
65481
65509
65476
101
264
124
65522
65420
65321
1
219
76
65467
65456
65436
65484
3
65424
65309
51
329
239
146
65473
65281
65454
70
65524
65454
63
147
0
65464
65317
65177
65314
65426
65486
14
65451
65365
65509
86
65390
65159
65259
65379
65384
65370
65476
72
22
11
65512
65432
72
189
4
65295
65347
25
65468
65399
61
186
14
65396
16
172
310
406
46
65196
65440
183
189
248
401
460
256
122
188
295
103
65360
121
432
353
294
115
65461
11
122
233
315
122
65472
131
335
147
65514
199
383
320
257
119
65524
65462
65409
65470
65531
65411
65285
65270
65254
65492
196
65400
65064
65350
101
122
167
157
162
244
320
126
65378
65429
65318
65471
91
56
22
65346
65135
65329
65526
116
243
127
5
74
138
275
421
36
65186
65265
65362
65477
57
65476
65264
65287
65327
65254
65298
65390
65486
81
129
76
39
65514
65471
65461
65434
65517
74
65522
65409
65330
65269
14
300
346
416
90
65321
65353
65298
65341
65288
65277
65417
65388
65453
73
149
65472
65215
65391
20
117
159
95
198
134
65499
65498
65494
65414
65360
65411
65490
65413
65330
65528
111
65508
65404
65332
65305
17
228
154
82
65488
65389
65430
65430
65381
65351
65390
65439
21
140
140
117
65378
65099
65188
65293
65181
65071
65218
65360
65450
5
23
39
65468
65359
65513
134
65500
65374
65282
65191
65474
184
155
103
167
187
65520
65517
65440
65366
65332
65295
33
311
130
65483
65415
65348
65440
65531
114
229
95
65500
65477
65464
65420
65381
16
152
55
65467
65338
65235
65305
65477
31
34
181
322
63
65360
65435
65510
119
244
65495
65249
65532
243
132
27
65456
65367
65465
58
76
65
30
65368
65244
65252
65409
141
164
107
92
87
5
65456
65510
65516
65483
65439
65503
75
32
65527
54
89
65464
65298
65361
65517
123
192
132
32
134
298
65522
65191
65164
65128
65250
65372
65457
35
65349
65096
65274
65464
65527
73
132
173
65532
65344
65442
2
141
295
200
102
173
238
281
330
269
206
43
65415
145
461
91
65259
65490
121
57
65507
65391
65296
86
412
47
116
74
33
41
46
221
397
193
65521
10
36
46
63
86
106
23
65474
170
408
160
65426
65489
14
103
233
65499
65222
65338
65448
65460
65421
65304
65238
65335
65426
65371
65300
65427
15
65354
65222
65527
250
155
32
65347
65181
65202
65249
144
407
85
65320
65335
18
38
65484
65395
65293
65313
65353
56
311
205
76
73
45
65402
65224
11
367
37
65223
65446
114
14
65515
65501
65447
9
109
191
270
245
212
65482
65227
65368
65497
109
278
210
136
202
258
255
283
66
65358
65323
65272
65501
208
28
65387
65455
65521
80
178
141
103
65521
65398
6
181
24
65442
144
282
148
17
65441
65369
65306
65244
65512
212
65381
65237
65336
65434
65444
65455
65319
65180
65348
65513
65492
65476
65376
65282
65248
65209
65398
62
65487
65361
65448
65511
65502
65532
94
189
172
153
77
65530
51
93
7
65478
43
132
176
220
65519
65286
56
402
329
214
138
50
179
373
183
65477
65419
65194
65131
65328
92
338
100
65354
65336
65316
89
401
238
83
189
302
215
116
65372
65095
65316
8
65429
65315
65328
65307
65235
65223
65402
7
65401
65268
65375
65473
148
358
224
107
34
65475
53
182
128
86
103
97
65411
65217
65324
65400
102
333
65508
65165
65356
9
46
81
88
98
77
54
65518
65449
13
179
133
0
147
269
28
65387
65426
65462
57
158
0
65374
74
147
65423
65160
65459
226
49
65408
73
274
65474
65140
65328
65516
65420
65321
65438
28
65382
65187
65461
187
65415
65139
65342
65528
11
40
237
424
387
358
136
65433
89
291
151
22
65422
65293
65515
141
65505
65376
65348
65377
187
490
348
53
65373
65313
9
302
224
54
28
18
65466
65370
65409
65446
65370
65288
65190
65111
65287
65466
65469
65462
65442
65432
63
235
176
72
63
114
169
198
180
156
106
55
40
30
50
83
65441
65238
65345
65465
65484
65525
65487
65423
65343
65277
14
255
242
241
105
65517
45
110
89
65
65500
65396
65453
65503
65420
65381
65445
65512
164
252
68
65496
196
424
368
296
227
164
65505
65306
39
75
196
321
272
226
115
65533
84
172
123
79
251
421
434
447
195
65464
61
199
205
227
216
203
65447
65161
65209
65241
65391
6
12
49
13
65468
5
101
65426
65196
65438
169
35
65368
65233
65209
65449
199
227
45
139
243
23
15
266
417
65509
65042
65504
441
82
65257
65381
65504
65479
65451
65321
65197
65261
65334
65487
99
238
374
192
10
88
145
32
65454
65436
65477
139
307
148
65505
65373
65269
65409
3
171
328
65490
65115
65424
232
256
259
275
281
117
65471
65422
65389
77
309
47
65320
65374
65427
65340
65252
65240
65223
65248
65334
65421
65425
65534
120
58
21
209
372
158
65489
65408
65338
65451
14
85
176
226
281
86
65436
65509
20
15
10
60
129
113
93
104
108
65530
65409
80
308
93
65400
65502
72
65411
65220
65480
189
20
65395
65516
132
240
312
33
65304
65506
132
106
112
65430
65256
65415
65534
262
513
144
65213
65194
65335
65334
65311
65357
65375
65337
65288
65436
51
216
385
194
1
43
86
156
229
11
65335
55
324
74
65330
65457
76
65526
65439
93
175
79
102
65404
65150
65173
65178
65166
65187
65464
184
103
16
65482
65396
65525
171
71
65490
20
53
65334
65081
65385
169
82
65530
40
85
78
73
65419
65225
65491
234
149
91
37
65446
65418
65443
40
140
7
65422
65473
65532
65467
65395
65478
24
147
305
131
65495
37
124
127
110
65427
65208
65399
67
64
59
65439
65271
65416
41
47
52
65394
65187
65233
65283
65519
209
162
135
65510
65332
65317
65316
65477
145
128
33
129
258
252
284
114
65476
95
148
65466
65213
65044
65009
65066
65150
65500
247
140
44
206
362
50
65274
60
383
72
65292
65384
65477
18
101
97
95
67
57
65382
65167
38
489
497
448
465
383
67
65368
65360
65357
65382
65428
65397
65369
65523
125
94
62
249
414
181
7
65423
65280
65345
65377
99
372
133
65437
65494
14
102
189
90
65530
19
38
2
65521
211
437
152
65378
65400
65432
65498
15
5
8
45
84
107
130
107
76
65463
65403
65400
65398
65485
36
65498
65425
65360
65294
65299
65299
65530
226
105
65525
65429
65337
65377
65398
65402
65419
65491
19
175
336
87
65394
65420
65411
65246
65078
65284
16
94
114
65485
65414
65494
65510
117
145
21
65529
65415
65255
65277
65415
65502
65528
123
246
162
78
190
307
46
65326
65465
58
205
355
244
131
136
122
51
65535
65467
65413
65465
65520
65422
65304
65358
65394
65382
65375
65266
65216
7
281
268
296
227
134
65468
65259
65378
65502
55
122
65451
65294
5
225
204
167
105
52
65349
65114
65272
65432
65437
65439
45
187
136
84
65345
65085
65245
65403
116
356
81
65322
65361
65418
65507
61
65395
65193
65413
96
171
240
65478
65431
65327
65226
65293
65356
65454
18
128
242
133
12
65329
65113
65434
237
75
65422
65339
65261
72
424
292
152
108
92
32
65517
123
216
43
65416
65443
65465
65484
33
65487
65402
65330
65145
65332
10
65447
65385
65527
155
292
429
295
141
65410
65144
65190
65226
65288
65360
65411
65467
65337
65199
65331
65468
15
106
34
65468
41
153
77
19
63
121
65411
65118
65053
64994
65095
65241
65323
65414
65486
3
45
97
111
105
110
117
65476
65302
65231
65140
65153
65209
65365
65490
158
357
94
65374
65327
65284
65459
95
65417
65204
65286
65366
65511
118
115
131
112
96
109
89
14
65480
53
177
65504
65289
65532
233
238
247
194
146
65390
65245
65370
65504
65505
65496
65402
65309
65361
65426
104
303
69
65378
3
157
264
388
228
40
65484
65433
65499
65528
65333
65162
65353
21
65533
65467
104
293
218
144
222
318
388
420
175
65450
65481
21
65495
65432
51
227
192
128
209
292
92
65429
65467
65497
65432
65370
65528
151
41
65474
65501
65525
65441
65362
65299
65246
65347
65422
65404
65387
65466
21
171
313
258
211
77
65474
60
154
65385
65144
65264
65353
65426
65494
118
282
343
405
104
65327
65506
179
65490
65239
65302
65361
65478
69
160
254
77
65429
49
206
65533
65324
3
214
262
335
408
480
342
161
192
253
248
237
29
65345
65524
171
169
178
97
24
65461
65387
3
168
203
217
241
269
84
65451
24
123
209
297
65482
65117
65327
28
154
252
65518
65277
65473
120
65415
65171
65374
44
65482
65399
33
177
62
65492
65346
65176
65526
379
436
429
141
65439
65391
65389
65319
65203
65182
65159
65228
65295
8
261
131
65531
78
162
203
239
285
348
78
65340
65480
78
1
65478
65525
38
86
123
125
114
62
65528
95
222
65
65410
65394
65425
65338
65261
65363
65439
103
307
126
65482
65464
65442
65509
38
223
423
458
481
11
65073
65344
82
167
255
143
32
176
316
161
5
65428
65312
65453
84
65427
65222
58
406
268
147
65498
65307
65334
65360
65337
65321
65315
65312
65299
65282
65514
65495
95
238
65479
65175
65417
120
27
65475
65
194
6
65352
65535
182
21
65384
65463
27
54
67
70
89
4
65440
10
108
65528
65433
65520
96
65531
65386
65359
65334
65294
65209
65494
286
217
223
243
210
65415
65071
65353
102
41
65513
14
55
85
112
63
16
65524
65485
65357
65234
65193
65163
65335
65507
65473
65442
77
263
103
65477
163
368
174
65500
134
274
32
65340
65285
65297
65450
29
77
121
65523
65397
65305
65208
65215
65219
33
385
126
65407
110
341
176
14
52
92
132
173
206
240
51
65394
60
263
50
65372
65506
138
44
65439
65284
65129
65261
65409
65408
65404
11
154
140
111
65521
65371
65244
65222
8
19
43
62
65434
65280
65276
65273
1
253
172
99
65529
65422
33
217
219
159
80
13
65524
65515
65456
65395
99
331
309
306
138
65468
88
282
223
176
128
72
48
65472
65363
65364
64
267
193
116
155
190
140
91
136
181
125
69
166
267
65529
65250
65325
65400
65477
14
100
191
65517
65309
65328
65349
65413
65481
65350
65218
65448
130
262
404
102
65338
45
283
255
215
210
212
143
80
65
53
65406
65217
9
339
161
65520
65383
65233
65338
65425
95
329
8
65236
65474
174
65379
65044
65160
65272
89
439
400
366
89
65392
134
311
58
65392
65397
65405
65508
60
125
141
16
65431
65255
65122
65146
65350
153
266
65497
65195
11
367
270
194
210
217
65499
65243
65340
65461
65358
65243
65464
116
65513
65384
65507
110
32
65490
2
47
25
65529
169
379
222
15
65393
65259
65430
64
146
254
65486
65197
65250
65219
65429
140
173
216
11
65338
65445
18
89
159
82
7
0
65526
65528
0
29
72
127
161
114
60
46
36
64
90
45
65530
65332
65143
65371
106
26
65520
93
173
257
251
274
276
104
65498
65534
74
3
65462
5
85
65479
65342
65526
149
84
26
38
53
15
65518
65333
65147
65398
122
47
65515
0
17
114
219
65461
65187
65435
56
65526
65535
65492
65418
65383
65288
65368
65460
65261
65142
65129
65147
65261
65404
100
68
149
224
99
65517
5
60
65533
65470
65505
65534
87
185
227
245
214
185
80
65528
150
320
221
107
122
140
65448
65160
65493
386
122
65352
65427
65473
27
152
65476
65283
65330
65358
65236
65120
65438
181
7
65399
65468
65533
129
263
79
65431
65386
65337
65450
33
65529
65484
65309
65148
65447
196
218
236
331
433
181
65454
76
230
113
19
65373
65214
65393
35
65440
65331
65420
65494
71
150
92
65495
65516
65525
58
209
106
6
122
245
78
65431
65298
65199
65241
65247
65416
44
65433
65283
65420
21
61
112
65461
65294
65286
65271
65451
104
65530
65396
65379
65375
65374
65291
65157
65044
65191
65462
65313
65163
65498
248
181
81
188
339
290
170
40
65443
65506
79
117
159
164
155
255
361
316
291
33
65247
65474
228
205
163
166
173
138
92
65527
65418
65424
65440
65335
65229
65513
267
59
65414
65257
65088
65473
268
96
11
65453
65287
65373
65472
9
94
143
191
65492
65257
65365
65470
65480
65501
65460
65401
65406
65418
65474
65529
102
219
159
94
101
103
105
114
112
125
65450
65206
65288
65359
65384
65443
65444
65493
11
90
237
358
496
494
410
314
194
182
181
180
100
10
39
86
17
65467
65423
65381
6
164
65500
65290
65475
122
65470
65291
65229
65181
17
385
79
65295
65
332
148
65445
65445
82
65409
65205
65322
65368
33
212
279
358
65424
65487
65391
65212
65403
65528
56
180
96
18
65428
65289
65187
65091
65232
65359
65499
106
65
56
25
65490
65443
65415
65292
65174
65487
257
14
65297
65472
123
65451
65253
65489
168
61
65510
65530
30
138
206
49
65471
140
276
49
65403
65374
65339
65331
65325
65459
54
58
79
83
61
22
65525
65466
65419
65401
65376
65257
65135
65311
65489
65392
65302
65368
65424
129
353
390
435
383
348
276
203
204
216
185
225
181
145
360
360
65528
65226
65182
65211
65512
254
125
3
202
403
184
65501
104
247
144
41
65488
65392
65497
59
88
178
59
65393
65513
91
22
65435
65494
121
65520
65450
65457
65385
107
351
155
65509
65444
65368
65313
65248
65475
154
151
62
65384
65213
65301
65395
65449
65501
65388
65254
65347
65440
65407
65420
65349
65251
65256
65251
65231
65228
65448
134
191
220
105
5
19
42
65427
65283
65317
65312
65405
65527
65433
65366
65523
81
170
348
255
64
65457
65361
65427
65485
65446
65410
65339
65268
65463
131
74
3
95
187
213
251
49
65372
65505
104
65385
65134
65310
65485
65496
65495
65483
65476
69
201
163
131
62
65528
108
224
142
56
36
110
226
310
89
65199
65123
65206
65338
65451
65404
65358
74
331
215
97
65436
65239
6
314
24
65267
65515
284
249
195
39
65299
6
285
65450
65057
65117
65337
8
136
155
148
166
191
65475
65239
65233
65208
26
88
217
378
301
176
65439
65182
65228
65277
65489
163
332
494
318
138
65485
65322
65453
29
65506
65452
25
155
153
111
65420
65213
65491
225
130
39
65528
65492
65388
65277
65335
65392
65437
65483
65409
65356
51
236
36
65400
69
268
143
20
151
279
187
109
207
296
170
36
33
35
47
60
65478
65359
37
246
170
101
203
304
102
65431
65457
65487
65363
65237
65276
65320
65369
65418
65378
65338
65450
26
65535
65498
65453
9
131
45
153
305
91
65450
65489
65523
65398
65277
65358
65439
65415
65389
1
147
65519
65393
50
306
411
372
295
199
65515
65281
65428
139
65362
65098
18
403
204
65530
25
82
65453
65270
65486
173
65494
65449
64
253
95
65442
83
260
164
75
65512
65411
65477
12
33
39
55
91
190
278
323
377
275
158
27
65433
65418
65423
65481
65520
65527
5
46
74
211
375
268
152
58
65467
64
253
65506
65156
65195
65319
119
399
211
24
191
365
244
142
15
65402
65395
65381
65510
118
90
55
57
63
45
21
92
164
65524
65351
65388
65425
53
218
2
65317
65378
65442
59
220
37
65385
65429
65471
65512
11
65366
65241
65519
262
170
65482
65524
114
168
217
45
65414
65390
65369
65521
135
65407
65132
65412
218
65511
65238
65511
178
47
65459
65428
65365
65282
65356
125
366
176
65490
65394
65315
65330
65343
48
275
288
320
65453
65357
65213
65111
65387
102
40
65500
46
146
65511
65337
65256
65178
65215
65247
65445
105
65479
65324
65259
65191
65417
83
36
23
151
277
77
65405
65258
65111
65453
253
90
65467
25
117
135
139
144
158
65427
65165
65337
13
65453
65321
65437
11
62
125
65452
65246
65314
65357
65505
132
22
65459
65359
65240
50
403
261
119
93
64
65459
65319
65323
65330
65231
65129
65408
153
130
103
67
36
65528
65489
65451
65406
30
194
65515
65299
65525
311
211
65473
65407
65402
65508
97
104
111
193
274
76
65411
4
136
177
210
65479
65178
65163
65233
65507
140
136
184
65422
65201
65450
87
65435
65245
65531
306
65485
65102
65363
102
65520
65399
65473
65391
65190
65033
65323
61
49
13
65494
65461
65403
65344
65365
65382
65414
65451
65468
65474
65502
2
65478
65411
65428
65448
65504
28
79
131
65521
65372
65423
65474
91
252
65526
65247
65302
65333
46
345
65531
65189
65438
103
216
349
129
65452
65344
65244
65227
65211
65478
194
267
319
149
22
65493
65414
65311
65195
65365
4
65383
65227
65384
5
28
47
34
26
65488
65411
65487
27
65522
65481
65496
65509
65388
65275
65253
65232
65321
65410
121
357
301
340
437
388
234
75
65346
65164
65396
89
215
332
228
123
92
73
148
145
183
236
21
65479
253
400
65512
65195
47
426
223
65525
65527
9
123
227
184
141
139
137
65492
65315
65493
65437
31
204
65461
65155
65454
192
135
105
199
296
245
185
231
281
42
65343
7
196
263
338
81
65360
65435
65508
65454
65400
65350
65297
65466
101
140
187
276
377
203
65502
65449
65447
65441
65426
65516
84
139
181
180
177
30
65435
65418
65400
39
186
30
65403
65415
65490
142
277
275
283
65513
65209
65383
24
61
95
137
175
265
358
350
343
21
65234
65224
65214
65444
133
231
334
113
65438
65319
65198
65443
143
135
185
315
368
437
448
188
13
65471
65387
65507
97
165
244
132
44
123
160
95
20
110
202
148
35
65250
65063
65263
65409
50
224
254
279
65513
65202
65386
44
82
99
131
195
223
413
346
318
138
65474
22
74
50
61
152
244
201
146
3
65396
31
216
65471
65180
65330
65483
40
130
195
263
155
48
65475
65362
65530
162
65450
65193
65514
331
293
257
108
65451
34
126
88
133
65522
65349
65361
65368
65494
96
166
220
146
41
65373
65219
19
362
257
109
19
65480
60
179
260
348
138
65457
152
381
370
358
75
65328
65469
80
65503
65386
65262
65133
65418
170
134
108
65519
65392
65475
21
65444
65344
65472
100
142
67
122
235
25
65335
65316
65302
65398
65502
65389
65342
65423
65529
65489
65354
107
266
65327
64997
65339
218
65491
65163
65253
65342
65278
65190
65390
82
187
272
83
65432
65518
83
272
497
181
65404
2
163
95
65518
65392
65295
65428
27
65468
65361
65254
65151
65239
65331
65448
32
65397
65219
65331
65445
65401
65360
9
196
86
65507
53
136
65535
65387
65447
65491
18
156
209
205
142
77
117
175
65440
65162
65241
65329
65478
84
58
5
65506
65495
121
323
172
65502
65403
65314
65460
73
144
218
5
65331
65297
65263
65410
18
65361
65163
65183
65201
65513
294
242
190
42
65431
65468
65497
120
287
196
112
38
65502
65379
65246
65214
65271
65389
65361
65303
65299
65510
188
60
65461
65273
65073
65078
65125
65169
65260
53
200
65350
64977
65041
65321
36
208
212
184
68
65467
65339
65234
65508
249
144
15
65454
65381
65376
65360
65524
65507
9
42
178
352
118
65376
65285
65211
65302
65395
66
269
204
127
65500
65360
98
364
137
65445
65477
65508
65327
65147
65315
65485
39
137
43
65462
8
106
44
65491
71
210
110
16
87
159
65489
65277
65401
65525
103
220
11
65323
65372
65431
65478
18
102
154
50
65467
0
89
98
107
65512
65380
65417
65454
69
227
65485
65201
65192
65177
8
376
157
65472
9
86
240
395
271
142
172
203
27
65393
65392
65398
65378
65351
65474
124
65496
65247
65247
65230
65387
64
117
160
162
164
165
113
45
65513
65493
65450
65341
65352
65498
150
21
65343
65476
45
31
31
190
385
142
65390
65292
65199
65330
65482
65408
65323
65348
65172
65457
260
252
240
81
65389
38
259
145
34
0
65494
64
166
315
490
242
65514
54
132
35
65473
48
159
85
4
147
320
181
5
65392
65252
65289
65329
65336
65328
65233
65162
65256
65345
65279
65210
65478
218
160
98
65512
65383
65427
65487
65441
65381
65460
65522
65390
65270
10
292
180
69
1
65469
84
233
218
208
19
65365
147
464
314
161
65440
65179
65213
65248
65359
65468
65476
65490
19
79
65482
65347
11
220
148
81
140
224
181
142
352
458
38
65241
65434
84
211
335
395
385
145
65409
65358
65474
160
367
41
65199
65475
194
81
65505
65440
65416
127
349
76
65306
65345
65416
8
141
65532
65383
65450
65367
65305
65305
65431
65535
7
65472
82
273
322
379
216
40
29
36
76
119
65408
65151
65452
220
44
65402
147
437
184
65444
65430
65432
65449
65478
65527
19
65383
65206
65173
65131
65181
65279
65319
65342
57
292
260
245
145
37
124
208
221
228
65479
65190
65230
65278
65400
65522
65432
65343
65403
65463
65533
68
66
64
17
65506
166
365
293
223
113
2
71
133
233
333
65520
65169
65319
65471
65449
65421
65422
65429
65488
15
38
60
65516
65446
15
186
225
116
65418
65255
65235
65229
65179
65118
65496
315
6
65240
65355
65524
65352
65130
65363
66
61
46
190
368
168
65508
65503
65433
65333
65259
65438
115
144
168
137
82
65453
65368
65242
65034
64946
64981
65172
65388
65214
64939
64875
64847
65025
65261
65242
65241
65158
65015
65062
65106
65219
65332
65345
65359
65328
65294
65202
65117
65118
65096
65145
65226
65355
65475
65367
65256
65325
65387
65392
65406
65432
65473
65442
65394
65313
65224
65282
65336
65341
65352
65302
65252
65342
65437
65230
65022
65195
65369
65247
65123
65060
64998
65086
65174
65081
64988
65035
65080
65150
65223
65095
64967
65070
65175
65275
65373
65371
65366
65228
65088
65016
64937
64923
64905
65026
65146
64989
64830
64929
65029
64982
64938
64916
64993
65008
65009
65215
65336
65178
65030
65066
65110
65065
65025
65229
65434
65235
65023
65024
65037
65220
65394
65208
65029
65145
65260
65324
65367
65208
65056
65164
65302
65406
65502
65402
65290
65404
65525
