-40156
-19454
-18858
-15517
-15227
-28297
-32118
-8723
2320
-7866
-7563
-7605
-6458
-7749
-10205
-10502
-12314
-12023
-10262
-11649
-12132
-11778
-11644
-11634
-12851
-12711
-12927
-10253
-12944
-10339
-12384
-11863
-12912
-10340
-11520
-11400
-10969
-11026
-10524
-3636
-5834
-23249
-25557
-12358
-16769
-17395
-15395
-16772
-20644
-6744
-29479
-83970
-37024
32563
-12677
-10873
-10720
-8683
-10953
-9536
-10594
-9029
-8691
-46586
-17515
1009
839
4059
460
-6533
-7697
5712
7585
536
-564
567
1999
58
-858
-86
699
32
-476
879
-121
-377
257
122
810
817
-321
1149
-32
757
-557
1465
487
115
428
532
-17
-1070
-292
1573
7599
-403
-5512
162
40
-697
437
130
643
2334
23810
-20292
-43527
26664
16600
-2705
-190
544
354
1273
1936
-11108
-2787
17451
-16956
-659
1118
4040
-4927
-2405
-3155
1198
6406
-253
-1144
302
1622
-124
-249
57
-383
-514
-672
-26
36
-489
-406
168
183
-852
-1342
-1066
-1110
814
-2714
-1094
-11
-329
-98
760
-957
-295
-1629
-808
6013
5203
-4193
-5262
-906
-3323
-521
290
750
-61
14712
15470
-40748
-27879
42175
1187
-1087
-335
76
-260
-13394
151
10417
-1126
-16769
83
3354
-2199
-4208
2643
-7937
1751
7936
-287
-1379
-15
987
479
-1112
-608
-528
111
87
-355
-124
-160
1378
-24
-3097
2062
2243
-646
-220
-341
280
176
-992
1058
60
115
701
-529
-1117
-559
4249
4241
-3297
-4833
-690
211
-944
205
381
-946
-61
28875
-13072
-49294
11502
26921
-4881
460
2216
-13075
903
10682
650
-2449
-18533
874
-1847
-7571
-1457
2654
-8376
2672
7171
-638
-990
364
1457
101
-336
201
-369
-804
1188
136
-129
446
-611
15
-342
1375
2737
5227
7600
8748
2109
-2271
-2891
411
-189
774
473
-710
-340
-73
2880
3310
-982
-2951
-1365
-772
-510
-121
-1320
-2111
-3431
10257
24443
-35737
-44111
40172
8315
-1535
-12698
558
11680
-869
-462
-1547
-19482
377
-7316
1751
1598
-944
-7080
2601
8034
-1267
-644
-49
1416
258
-766
-440
306
274
992
-484
828
-436
-397
2278
5575
5045
8604
6491
4057
6134
16560
19935
10022
-1202
-1993
22
-166
-707
-709
-123
1876
4085
-1215
-73
-1731
-680
620
-133
-1495
-1350
322
-583
28277
-7526
-48443
-5296
40844
-10810
-1518
11072
-456
-1910
244
-554
-14794
-8507
-3552
12162
-1544
-3448
-7638
2144
7145
-27
-1592
-364
933
-431
-786
-570
-811
-137
-1523
-383
3025
2467
1413
3444
-8313
-3769
-7878
-14468
-21963
-13933
-18993
-13764
13013
28539
1807
-3638
-189
-671
-245
-466
2078
3391
-3456
1158
899
-2330
517
-1394
-1220
1318
1459
258
6904
28794
-29616
-46915
17099
10797
9447
-23
-1013
-269
482
-789
-20426
-13287
8328
13413
-8451
-3868
-8411
1588
8434
-485
66
794
334
-344
-602
-607
389
-165
387
2482
-3807
-10569
2961
-3219
-1080
-1010
-1042
16
3301
1146
-1251
-10593
-31168
-13137
32131
15577
-4703
-1743
308
231
2756
3440
-3595
-220
1361
-1769
-2794
2865
1222
334
633
1617
-1319
24567
12640
-64450
-50556
38605
-586
-1235
315
207
161
-1911
-34421
-6276
18978
8023
-10316
-3599
-6347
2599
8208
317
-593
37
628
896
101
524
-409
-602
3953
-7032
2414
2195
2749
-1100
2486
3441
3487
971
-4102
-2210
-649
2194
3310
-21093
-31455
21269
41001
1132
-2663
-486
2540
4884
-4434
-2155
1780
612
-4800
-158
3120
-1235
136
472
-726
2949
24572
-55965
27254
12481
-1538
-578
443
799
-1293
7243
-34393
5454
15753
3728
-8870
-4372
-5744
2172
8646
-920
-1698
318
1166
-307
-323
336
188
2511
-5370
-2319
7087
1905
-1716
-258
-971
492
3419
2584
1563
-2359
-614
-5704
-1194
8304
1866
-33294
-17395
41363
915
-1094
2026
5131
-5947
-6054
-3386
7730
2962
-8364
432
-1209
1509
-422
9
-950
-18315
31738
17429
-2462
-305
830
-69
-443
11385
-11903
-25310
12845
7188
3158
-7757
-6333
-6250
3679
7345
-24
-291
-613
808
-347
-239
-27
-548
-1062
-1818
6049
-776
-2123
1264
2838
347
1569
3093
4891
1073
-11407
-5841
13502
8469
-4647
-9041
-650
-48253
-13212
48033
-4655
1747
5108
-4177
-3422
-6784
5335
16149
-6980
-4583
761
95
-52
2985
-14673
1361
14584
-1752
-925
915
-146
1090
5756
11777
-36707
-7179
4909
5117
4053
-6982
-5150
-6925
4040
7041
-1292
-103
-430
791
377
-602
-241
300
-3273
4323
428
-2078
1916
3245
995
-1683
-1827
-2187
3980
-2249
5370
15858
-5356
-16673
-4413
4004
2992
6777
-55996
18549
44891
-1631
4451
-4716
-3568
-5640
-2554
16253
2575
-10479
-996
304
1315
-5415
-11675
16254
-16
-1104
715
-740
798
5322
8482
-13533
-14811
-389
-1277
5513
4969
-6052
-5868
-6176
3184
7735
-846
-1146
755
228
782
-1315
821
2078
-238
442
-369
436
1674
-348
-1133
-698
-2141
-1254
7776
15871
5131
-16302
-10908
2377
6633
1809
953
1706
1834
-50067
3487
41667
1110
-6005
-2725
-7019
-1490
10059
8536
-6950
-5636
7450
371
-19041
13710
5604
-1925
327
454
-375
3955
12820
-12267
1229
-29429
-4400
-1176
4919
3112
-6337
-4059
-7220
2416
7293
-231
-829
-864
1233
-79
-1581
9536
-14947
9932
-408
330
1329
1391
-2292
-3468
-1757
-5539
17631
18493
-13163
-18170
-1221
9393
4294
-6846
-3370
-2349
177
5128
975
-62630
32774
22869
-6875
-3238
-5955
-990
6250
5137
25992
14234
17429
16884
4301
10964
-1099
-329
209
-370
1044
16593
-13182
3565
-4193
-26447
-5196
184
6493
4641
-6983
-2801
-7403
1876
7705
-2
134
364
-218
-904
5993
4292
-24487
15537
-1754
1295
1541
-2476
-3322
-927
-3098
22699
7127
-27661
-6030
2308
9562
-7150
-4189
-788
567
-483
1785
-1958
4350
-15227
-43714
57178
-7267
-2090
-6724
-4212
7458
35007
21294
-32230
-33116
-42030
44129
2726
-1369
-598
-136
-1090
14815
-4582
-3971
-3320
-4620
-17354
-3707
-471
4714
6062
-6497
-6006
-5982
3910
8530
541
-1208
413
1031
-385
14566
-19500
-9411
13325
-1556
1033
-3144
445
1549
-1368
21448
-10805
-20280
7624
3560
5282
-7930
-2985
726
4155
291
-97
-2253
-3288
-1782
7811
-44847
25816
25231
-10077
-10541
9698
51719
-3004
-27846
-14100
-4729
-53366
13156
16202
-1844
663
-287
6425
8115
-13300
1355
-5543
-89
-19868
-5408
-1275
4062
6333
-6196
-5576
-7693
2833
8075
-487
-1077
-553
509
-2454
19484
-33445
5530
9590
83
-2182
-227
167
-2562
14456
-11010
-9998
6698
-1550
-6397
-3386
-4709
8550
3349
-7132
-3290
-4484
-4150
10572
-2882
-1963
416
-44607
18310
6731
15200
32623
-20039
-23726
-11209
1751
15754
-40504
11460
16763
-1770
486
569
17646
-14117
-187
-5730
1383
407
-18542
-6388
-681
4209
4969
-3621
-4815
-10343
3077
8820
-794
-1237
-582
1094
-1013
21244
-34456
15785
5665
1356
1803
-565
1415
10356
-9562
-5012
11293
-3561
-5848
4086
-4490
8219
-286
-3567
5409
-301
-4552
11400
3838
-7805
-2168
1443
-10208
-23996
39024
-1785
-26130
-13008
-7137
4026
1915
-3304
-44480
28946
8830
-727
-124
10856
1019
-7967
-2408
-1731
615
177
-16478
-5954
-187
3949
6077
-6038
-7681
-11420
3810
9139
-61
-577
419
408
3107
18637
-44369
14526
7392
731
-522
-245
7279
-10072
-3527
9066
-2437
860
-4747
-1365
6787
-3056
-3200
4397
-4067
-4592
7732
-3573
-8653
1028
3549
-1825
17087
557
-10124
-15798
-4583
-2107
7516
-9544
755
-16224
-47050
38420
2085
-601
4195
10538
-12421
1526
-5039
1093
323
771
-19060
-5277
-199
4375
6854
-6611
-6442
-8759
3799
8991
-770
-1027
-72
-55
4446
15858
-35598
6170
1704
6072
1685
5928
-7528
-3713
8553
-7425
684
4914
562
-1144
-5733
-1200
-3136
1815
5827
2052
-4077
-8186
-804
-1622
9988
12880
905
-3285
-6895
-998
3413
4009
-5131
-13892
28116
-10793
-16483
30115
-1989
609
13141
-4702
-3856
-4705
-1117
-484
169
-1148
-19569
-5259
639
5523
5256
-6869
-4170
-8573
2489
9078
-895
-1036
571
-1055
6333
14615
-26816
7397
2464
8285
5869
-10338
117
7334
-6751
2393
32
648
-3589
-6956
-6673
1955
-3647
633
-2072
-2943
-4549
-2554
6028
13454
6193
-2494
-9109
-4497
5499
6258
-520
3355
-25059
2189
13096
-13280
6573
13711
-1872
6797
6163
-11762
583
-4527
1835
-1012
-259
-464
-19715
-5199
256
4119
6127
-5319
-5877
-9178
1769
10355
-841
-439
430
-1058
9452
12524
-39098
6739
-7207
5306
-2248
-3073
5711
-6746
1100
3490
-1077
-5954
1285
6652
3747
-1102
3721
-11963
-9530
-13168
-104
8899
10860
467
-9172
-7818
5765
4672
-1216
-1510
-4343
-33454
-31649
26093
41151
-62661
31623
1750
-991
13100
-8674
-1229
-3830
885
1433
25
355
-880
-18058
-5552
-419
4028
5238
-7000
-5894
-10062
2034
10654
-451
-1125
-403
-779
7107
19179
-41835
-4243
11807
2168
2905
6411
-7015
1283
3024
904
-4058
125
-1986
3528
15495
-20820
4907
13718
5340
17845
37613
11535
-9687
-10938
-5797
-1002
1183
-2002
-3325
-24225
-30352
-1007
42143
49881
-59043
-5985
21212
-1996
6205
7870
-8638
-686
-2800
-46
422
1275
530
633
-18198
-6908
1047
4423
5119
-6920
-4494
-9465
1739
10177
-491
-746
-211
-630
1349
30033
-39607
-12393
27202
-6456
10571
-7192
-263
2170
-799
-4959
353
-4388
-647
1007
9032
-1153
6736
-4543
9375
23791
2806
-10255
-11841
-8576
2056
1181
1400
-19356
-30262
-5758
49998
43330
18909
-61709
-506
31173
-2146
-406
11351
-4755
-2085
-6075
957
-111
-422
73
582
-693
-17423
-7311
124
4686
5229
-5870
-4261
-8403
990
10046
-472
-448
-635
40
-2111
27313
-18714
-26721
5632
9150
-2051
-570
3698
42
-1872
-5617
-1822
6197
5126
8742
-7640
3131
-6392
10158
10342
5734
-17601
-11819
3416
3035
3857
-2054
-19062
-8422
35097
23516
-9270
-10432
-54507
163
30564
-3247
-68
3607
9010
-9490
-1411
-5017
-993
-77
230
631
359
-874
-17146
-7765
-570
4636
7326
-7687
-4835
-9369
1182
10596
-235
-720
167
936
-1165
7352
23667
-41841
-2522
12260
-615
1201
-195
-1523
-7716
8053
3030
4214
-3941
2389
-1210
4614
1170
-963
13808
-21901
-22390
2574
-1211
6806
929
-7547
-2133
51419
808
-74
-5365
-44621
12394
26352
-1856
-1258
384
8125
267
934
-8953
-278
592
-1170
693
298
-843
-56
-17393
-7805
-412
5035
8165
-6638
-5453
-10753
1151
10951
443
-962
290
651
511
-4961
36386
-19805
-35334
17416
4982
-1318
-2757
-6898
2584
4823
-5247
6205
-4706
2806
2264
3517
12384
15184
-4303
-15107
2950
2121
-213
6052
-2114
2279
-23411
14453
12897
122
-17892
21266
18862
-2301
-1129
223
2009
8873
-2097
-146
-11823
891
-270
-214
-15
-1426
74
-608
-17466
-6720
-1417
4917
7792
-5556
-5446
-8926
781
11272
-171
-820
-480
1009
1887
-3711
27598
-34522
-20650
26169
-344
-1702
-10248
5997
3631
4571
-1186
-2289
4388
-11836
10561
13014
5488
-1380
-17284
-9156
12092
-9696
14667
-1474
-7015
563
-21113
3985
25248
7853
-23425
16488
1547
-248
-1592
545
7150
2065
-2837
-499
-1706
-5371
-1838
-2035
-2388
1050
-364
-2139
-16882
-6739
-780
3707
7577
-6011
-5223
-10100
127
10293
918
-1648
-1028
2912
-2708
-5482
14354
-8245
-16964
20642
-5810
-6320
9665
3188
-1314
1224
2007
2061
-3398
-5716
20031
-2704
-23616
10386
-7623
-9327
2518
16267
-53
-6707
-2216
-1355
-21482
-10644
25878
16956
-28073
9540
2872
-913
-845
930
11768
-4770
-4090
-5388
7965
7423
2335
723
-3980
-4138
-1284
-1003
-15939
-6790
-302
4767
8283
-5430
-7321
-9505
1314
10530
-831
-668
-602
993
380
-976
4057
12342
-6250
5247
-12780
8991
2613
2837
-2115
-1377
1254
1462
956
10851
3543
-1947
-16861
3472
-19764
-729
7082
1036
-195
-6334
-2736
-1281
-12540
-30551
18864
19454
-20020
5548
4597
-1466
50
4051
7510
-5347
-6573
-5454
-3045
-1605
1947
5762
4159
3681
1124
-3062
-18842
-5630
73
3846
8001
-6271
-6175
-10503
1729
11234
733
-1464
-536
828
-989
3760
-2420
-2720
9493
-18327
5331
5573
-5112
3787
-2986
3331
88
-3721
8691
17542
-11052
1577
-6234
-37716
23690
12415
-9330
-22110
859
-2260
788
-250
-30854
-40792
16295
18098
-13612
-3753
6503
-2190
593
8678
-1488
-412
-6938
156
-707
-6401
-3574
-1389
390
3201
4111
3113
-15461
-6176
-2624
3224
8433
-5086
-5715
-10979
44
10987
-190
-2157
10
-905
11519
11249
-15037
1992
4002
-4789
9798
2152
-6724
3239
-523
1024
2441
-722
19072
-4713
-17913
-7127
-31227
17509
-3966
1527
22394
12089
-6223
1100
-1913
-20787
7888
25095
-51
11760
-6678
-10275
8491
-1068
1235
9600
-3189
-2471
-5270
1001
1751
1465
-1526
846
-2101
-5278
-2932
-1912
-9710
-5520
-975
4156
9401
-5676
-7105
-8554
-54
11443
1426
-979
-71
10590
-12191
-2761
-7149
-16712
8947
5888
-4456
-3504
4255
-3039
5161
-9843
1200
19063
-1989
-6072
-32017
-20703
36810
18112
16862
22539
11566
871
11579
5144
-41983
14893
33513
12614
350
8060
-3161
-11645
8983
295
3430
8709
-5606
-6210
-623
1512
163
-32
-548
-162
-388
-3099
-2296
-2701
-10516
-5294
-386
4817
10892
-7008
-7634
-10848
3021
11741
19
292
-2604
21317
-3507
-38144
-2237
23286
2539
388
6788
-9595
10274
-826
-3747
3772
5859
16167
-2270
-24407
-34328
37011
18655
5862
15581
-81275
24631
8624
15336
-18819
-20434
52138
-8205
-24182
13264
6732
-2117
-13642
8039
587
8477
1355
-5681
-5587
115
1504
1341
622
441
-869
-1168
-1328
7452
18521
-9536
-7838
-2299
4153
9961
-5825
-8126
-12270
1820
10897
-401
-5234
8415
4298
-12539
-32115
23016
-2239
666
2984
1868
-15354
2831
4804
-74
2023
16821
2179
-23239
-36635
39839
-1272
-4129
12720
-2069
-13157
-5066
9474
20852
-31148
-4774
18446
-18462
6836
5178
5053
2192
-20050
10244
1910
9362
-3755
-5405
-3338
1684
687
-3268
-1042
-1381
-27
1148
16565
16139
-5285
-46286
-7405
-875
4491
11490
-5707
-7990
-13525
6
12454
-321
7394
-6493
-17589
10135
26865
9620
-16597
1576
4331
-2166
-9430
1666
5599
-876
9678
12860
-12503
-49654
42479
5609
-8176
-6362
1072
10128
6328
-6553
3872
21254
-10496
-32781
9974
9638
2713
-100
7240
6189
-26445
14112
3006
8549
-4551
-5773
-46
1338
-301
1049
-855
-361
-80
22209
1617
-21530
-10287
-32246
-5386
-494
4480
11235
-6181
-7638
-12970
438
12752
3511
-6013
-10091
-2590
5547
6096
-9957
-5865
9307
2680
-7014
-5442
-6163
8751
3583
10876
9705
-62823
30500
14089
-1305
-929
-8748
-11285
-8135
-12403
-694
-711
19740
-960
-34657
6173
3618
-4793
844
5456
9823
-27870
15085
7282
4340
-4122
-6248
785
233
-1623
-77
-377
-842
18547
1367
-25090
-4064
8296
-33497
-2675
27
3686
10947
-6777
-7658
-10133
3
11818
2750
3380
-557
6146
1095
5112
-8465
7011
2791
1519
3605
18492
-9454
-6519
15888
19081
-47887
-6334
34104
-7108
1303
2162
649
-8947
-7424
-3519
1867
-2214
14463
4988
-37577
13577
1210
-2840
3526
4113
11412
-27132
11245
11571
770
-10587
-3258
246
960
1090
37
-2441
9124
16245
-24132
1573
5937
-1267
-44456
-3174
-1418
4297
10242
-6731
-4522
-9056
424
15696
-3485
-13961
3357
-6863
2133
4614
-11854
306
3591
3342
-1493
9280
-29291
-3430
26955
-8392
-58074
41417
4146
-1347
-455
1113
134
-731
-3864
-4504
2149
3428
12839
15460
-43861
12693
2416
-4101
7064
-74
13145
-24250
8189
15595
-4278
-8639
-639
-675
145
566
366
-23
22152
-15117
-6598
8232
-4836
-9061
-35156
-4796
-1229
5094
13571
-6490
-6983
-11335
-531
14555
-3572
-4690
7852
-2550
5759
374
-8427
1595
5854
5541
-2962
-12559
3264
22714
10319
-36886
19987
12566
338
88
-948
1299
98
2955
-1189
-3642
8984
34
-399
20828
-55228
8299
2167
-2284
8150
-2569
15358
-21918
3841
16246
-8547
-5501
1266
971
-982
-1512
-3010
10728
8559
-20574
8124
-4638
-3883
2503
-42459
-4536
-682
5089
10392
-6383
-5025
-11131
-593
10226
1767
118
3473
-2221
-3480
5113
-2256
-13957
10887
384
6824
-7001
30796
13241
-59705
-6786
25630
-199
-417
741
162
698
-1496
-45
-648
-5263
4105
6878
18087
33386
-15364
6054
-3548
5462
4925
-2358
14401
-16527
1723
11461
-9811
-3425
1615
-45
-73
447
-1739
17314
-7635
-6395
1343
-3622
588
-2018
-39989
-3797
-848
6153
2045
-8060
-217
-11670
-2458
13195
5015
-9912
8475
187
-1834
4792
-1758
-16681
12265
-13756
9685
16854
-17363
2373
-26037
27085
224
1904
-3630
-115
149
1140
-538
280
-2351
-5151
-6259
8397
7691
-12410
-14000
6720
-3964
9620
1297
-4929
10589
-7407
236
4708
-7126
-1591
290
308
-276
-1124
836
16397
-12132
112
-6049
1208
-1166
-1074
-41257
-3358
-64
7412
3126
-5764
-492
-11691
-4322
17032
-178
-7840
2687
-7818
6497
4819
5881
1723
-18954
12248
30677
-9934
-30995
2948
9475
7590
-1349
4069
-3772
-230
-886
-1031
-326
3530
-4182
-5142
-3164
2397
-39839
-39273
-20655
5697
3361
6473
-277
-2977
7944
632
-3354
2482
-5013
-1116
1321
-172
1464
-1807
3533
14806
-10345
-4360
-2822
1492
1846
-938
-42502
-1203
-288
7199
5805
-7788
-2267
-12177
-141
15543
-3676
-4329
5684
357
5527
-2919
-95
8994
-6699
19622
-25187
-45647
25012
-6229
11624
-551
-1330
3163
-1155
2374
-3960
627
-2065
-2974
10786
4820
366
10836
20712
13217
16224
-9812
10481
1159
-282
-2715
5080
6388
-6274
2051
-4445
581
2083
-295
-490
-842
5348
17135
-11757
-8378
1614
1758
-239
-3166
-45158
-1472
331
6092
2443
-7421
-5684
-10697
148
2254
4056
-9377
5944
4309
6919
-13663
5353
-2506
13817
2614
-15959
6435
-15107
16307
861
825
-318
1095
545
1672
-3352
947
930
-8817
2
8593
9184
-3110
-18202
-319
-6068
1272
7121
793
448
-1940
2259
11782
-12224
891
-3300
39
-289
767
409
-2944
7662
15684
-20467
-2829
2358
-419
-3814
-2130
-41260
-1790
1842
5379
6576
-3866
-7538
-11174
-4277
21484
-13102
8016
-10763
5317
6077
-20225
5010
6912
-8205
1872
-9486
-25123
20578
2462
-613
103
-1050
392
-775
2549
-1204
-372
519
-15
-4944
1554
6397
11658
14158
-4265
-10789
13837
157
217
1409
-2624
2276
12740
-13889
695
-1517
-192
-1497
-1130
64
-2552
11777
15575
-25536
823
-3443
-3495
2727
4750
-38523
-1518
3722
-1229
5224
527
-6857
-9817
-1262
15025
-5493
1790
2371
2330
7146
-8476
-12278
1081
6289
23462
-48787
16040
10610
-1291
423
359
291
74
1029
1741
2696
-1698
-3554
-2958
-204
-1114
-1254
-9709
-6692
-13205
11278
5130
-1133
779
898
-3249
2428
15058
-15734
-535
-4510
54
514
-1856
-805
-3463
14870
17271
-27367
-412
553
455
-1387
-8003
-60938
-1400
2311
1413
2549
-2484
-6403
-11293
-4916
25023
1763
2420
-2781
1759
5136
-2670
17481
-13477
-4851
-2955
20341
16708
-1433
-359
330
-317
839
-179
446
-1024
2674
8630
4098
1945
74
-2168
-9555
-7891
-9256
7660
20603
-1637
-2452
2620
-646
-3374
2313
14960
-17499
-4537
-7841
-3987
-3721
-2358
119
-2481
20304
4907
-27267
5415
-3499
-7107
-21104
-27569
-20025
2677
2651
4044
3619
-6885
-5245
-10356
13142
-11761
-9096
5183
21
433
14673
-26603
9474
11953
-3241
-17707
-10022
4702
9763
-3481
634
75
226
774
-1139
835
-241
3317
2786
1327
3402
2085
-3030
-3636
3604
-519
26893
30279
9868
270
-769
-3953
1560
11275
-19439
16752
8385
235
-3973
-8579
-7110
-5572
25168
-18289
-14168
2506
-4813
-25110
1780
37190
31065
-2063
10342
5308
10277
-4663
-5713
-3460
-14269
9670
131
6077
436
3154
4043
619
-8782
-4398
-3630
11084
8639
-29101
10388
2020
-647
361
258
939
-429
1720
4241
-6231
-6387
-1759
-1439
-1349
1277
13686
1380
-28434
-41389
-17291
28159
35145
-2516
-4273
3458
6953
-11818
5831
4904
9802
11925
8661
1807
1304
23728
-22688
672
-2526
-31949
1330
37393
10145
-9237
-32276
2384
10725
15338
-2705
-4488
-8406
6929
3470
-370
10878
-8580
-3187
-8210
10327
-3649
-5853
9529
-4537
-9533
9495
-3471
7947
-628
366
411
-431
947
430
4937
-1923
-46
2401
-858
351
6445
5116
-5501
-6148
-1720
-19843
-48328
-450
43898
-3355
4086
8181
-10687
-4775
-3550
-3435
-87
5152
12334
927
38047
-10730
-8962
-26322
3726
37254
2920
-2818
-4382
-17893
-22882
4050
21513
-4368
-10491
-1806
-6290
-19788
18298
723
221
-2482
5752
-107
-1747
5645
7953
-2092
-16284
10436
-15669
9544
1972
-590
-43
-695
1396
-3707
6245
-3332
1176
-1259
-1611
1342
2696
-3547
424
245
1917
2601
-1649
-48215
-6188
41194
2391
5348
-10125
-2939
-843
-2451
-3483
-3334
-2000
2540
28524
-25415
-17625
-21763
41990
3446
-1403
-5417
-2994
18822
-25398
-16455
27893
-3520
-10281
-6904
-1992
5528
10787
-2172
572
6143
-5642
5831
48
-1545
2459
5078
-981
-12117
8238
-16490
12159
-621
1327
-1548
5767
-8924
5981
1677
-4040
389
-1743
1294
647
19
1129
1917
2434
439
1170
3371
-56286
21948
25341
1081
-7354
-618
131
-668
-1600
-2993
964
24265
10716
-23237
-28729
10210
21954
-1735
-5535
2658
-7881
21073
-19648
-22411
32249
-2597
-10660
-8705
-226
1172
7729
-1887
4863
-1103
-8971
5881
-591
3118
-8151
9628
-3363
-8607
22700
-26734
15432
-3540
1361
-84
5791
-5039
6257
499
-1812
-41
271
-14
-461
1401
1659
-106
112
652
-1053
619
-15264
-40134
53686
-785
-9400
-1271
-579
433
552
-1411
22109
750
-16745
-15673
-27438
30496
6609
-5458
1407
3152
-9642
17848
-12776
-23209
33893
-2873
-11588
-9913
-5227
9104
4695
677
6372
-14343
853
1910
1094
4480
667
1196
-2442
-7361
-17723
-5569
12693
2667
-78
3062
2950
-10696
6623
1383
-3326
-1107
1532
823
140
1019
53
1908
272
-449
-526
-2464
1329
-46777
36765
10874
-10292
-50
-169
-178
-321
10493
16684
-41426
-1009
-29465
3758
26557
-483
-5626
4909
-3852
-6064
16710
-11058
-28216
32032
-949
-9625
-5120
-4176
8763
5264
1206
-822
1220
-385
280
1797
-339
4596
6168
-16303
9860
-150
1540
-7148
-6004
2437
5805
-2054
-10282
10040
-663
-505
-2087
195
2468
643
1087
39
1553
2580
-1900
-1809
-815
1934
-29578
8833
23234
-11845
1474
2405
-251
-2192
17045
-1079
-30954
-4136
-24798
26622
6244
-2891
893
632
-2543
-1691
13515
-2111
-31061
29872
1829
-12223
-8486
-6838
6354
7443
-856
-1617
2105
513
223
195
312
1542
2008
-9863
-3283
4396
10551
2571
-2395
2873
4309
-4350
-7842
11304
-4141
-2144
-742
161
1626
1221
1084
780
-70
2109
1441
-2936
-1047
998
-13171
-11938
25570
-14905
-6993
-4980
-2407
308
9135
10350
-3010
-23964
-11063
24666
186
256
4152
-3511
2258
-8755
11219
3081
-28712
26701
4605
-10580
-7337
-3850
2410
7209
-1917
1817
-349
-1154
-308
1289
751
-3077
5577
5495
11625
-29375
3484
2979
1992
4829
1286
-8896
2084
7936
-5667
-1054
-2159
-118
323
1398
-456
-691
1810
2044
1410
-1252
-1113
-2094
-2730
-32462
22680
18675
765
-7908
-11717
-9214
-10804
23233
35951
-52875
1206
17714
-785
5377
-3846
1614
-2498
-2683
12905
8916
-38012
24012
10026
-9577
-9088
-4710
9107
3106
2477
-1084
-402
-535
-255
1544
3198
681
-23860
13617
-117
7972
3507
-434
2838
3920
-5524
-8913
15795
-4731
-1099
-735
-374
-731
692
2232
1028
426
390
98
2271
739
-1498
-3035
629
-34327
17198
22169
7835
11504
10236
7538
-2587
13335
-6550
-51654
28895
10509
2014
-2302
-1005
1104
-5494
3618
4601
14432
-39721
16145
14028
-11051
-11404
-3708
7413
5304
-889
248
643
-153
-246
1593
908
10703
-570
-23694
-2999
6746
171
1205
4643
-3246
-12607
11445
5078
-7185
-638
717
430
-1729
51
1525
1455
1780
98
827
2598
1198
-2661
-2766
445
-18552
-12168
25451
-6750
851
5331
26971
1567
-18682
-41846
-12871
31894
2915
-655
-6285
7420
-5045
-1384
2223
-2242
1248
-32620
9646
16514
-10545
-13311
-2855
7313
4579
196
432
1726
-6
-1588
4045
-407
-429
11433
-3570
-2233
4863
303
2170
-2324
-6260
9535
8507
-6686
-847
-1223
-460
653
-458
-662
777
716
2071
1092
1662
34
3926
2347
-2086
-2504
-6486
-30360
34387
-2960
-1527
-1303
19692
3364
-66581
2096
35577
5243
1126
-9248
7346
2426
-7356
1311
-2050
4501
9936
-21114
13321
19134
-9999
-12558
-9404
15055
2659
-630
-779
1117
179
-677
-5997
5298
-1194
4317
-14437
1109
4452
91
2900
4049
7550
348
-6097
-448
100
-557
96
129
-629
-2737
-758
916
1847
2595
1345
1036
1735
680
-1
-1883
-2914
-35711
24238
10633
-3429
270
1510
1149
-7447
32008
3799
1691
-11497
4225
9806
-8605
-5301
4070
-1120
3319
24331
-32066
-8083
26132
-9615
-15014
-4178
16094
579
466
113
637
-375
7024
-12880
2163
1362
216
-1606
-3755
7327
3193
1372
-3790
-3418
-3619
-682
71
716
-210
38
-521
789
-223
-986
-1659
713
1155
1128
3240
1655
443
928
1315
-1190
-27487
4121
24115
-4809
-4633
-2738
5752
18964
-5705
632
-4604
3184
9565
-1788
-12303
1665
4009
1584
1621
22298
-71370
-50433
16319
-32330
-43235
-16613
13614
-1224
-2636
-3878
-650
-13990
1438
-5025
-9911
-8375
2067
2410
-9578
-7073
507
-8214
-9912
-9727
-10337
-9583
-10551
-9817
-11419
-10458
-10846
-11955
-14320
-13052
-14048
-17130
-15245
-15896
-16730
-19566
-18560
-24765
-33108
-33934
-53997
-57093
22863
-4628
-11683
-13574
-7652
-19989
-8600
-1851
-4237
-2138
-5623
-27264
-2936
6864
230
-15084
