54148
71561
70506
72313
80013
85546
73324
45180
24780
22078
24806
25402
26650
30948
35961
39199
41227
42777
43448
43677
44373
44841
44589
44225
43989
44069
43992
43582
43526
44018
44506
44144
43466
42801
41974
41578
41656
40767
37177
32452
35722
52172
68475
73870
74279
73894
72174
70557
69522
70604
93908
141414
145461
85730
39855
34799
37924
38428
38960
39699
41265
38754
25264
8915
-3342
-2648
-106
4108
4337
-4060
-8789
-4884
-1976
-1935
-1935
-2335
-2431
-1882
-1805
-2191
-2394
-1732
-1043
-1572
-2168
-2076
-2143
-2697
-3431
-3788
-2993
-1955
-1942
-1465
-414
-690
-1427
-1551
-2094
-2331
-1397
-102
1584
-272
-9916
-16236
-6769
6530
9891
8370
5910
1402
-2281
-14603
-46176
-41952
33432
71431
26950
-4371
-2240
36
1164
3325
26
-14934
-34448
-35029
327
2061
5914
9278
3336
-6287
-5797
-1060
-159
-176
82
-63
-465
-954
-1012
-759
-950
-1729
-2004
-1750
-2149
-2850
-2821
-1563
-1499
-4460
-6005
-4674
-3866
-3712
-2745
-954
-351
-1139
-1453
-1657
-1896
-993
882
1190
-3904
-10316
-7569
547
3279
2666
2576
1814
1088
-1608
-27552
-57131
-9662
69856
62207
11612
-2875
150
2017
-808
-16696
-29400
-20237
-4555
3155
6060
10269
9085
-402
-5183
-2317
-1211
-1506
-802
-533
-525
-597
-881
-1139
-1408
-1815
-2736
-3523
-3183
-2851
-2802
-2415
-2313
-3257
-5401
-7315
-8084
-8405
-8319
-6613
-3250
-1188
-1162
-1132
-1432
-1977
-1881
-1494
-385
-762
-5402
-9659
-8557
-5535
-3856
-1865
697
2698
3942
-7148
-44440
-50686
28889
83882
40950
-862
-1575
-3146
-19745
-31226
-19749
-3781
683
4612
7279
4009
-5522
-8458
-3359
-986
-1469
-1233
-844
-902
-794
-560
-636
-1060
-1704
-2284
-2583
-2577
-2589
-2503
-1592
-1352
-3053
-2791
1436
6908
13433
18296
14855
4265
-4656
-6186
-2680
91
405
-240
-1171
-1694
-848
-781
-4579
-10268
-12207
-9062
-6036
-4715
-2740
-1536
-2487
-4091
-26173
-60220
-24307
62037
70254
16641
-8214
-19211
-29864
-18768
-2434
980
-653
2882
1640
-13086
-23688
-12574
680
2178
209
-1047
-1566
-981
-93
390
290
-122
-548
-1035
-670
231
-494
-1481
-1086
128
5745
16339
28027
42920
61524
75467
78685
72268
53359
23307
978
-2688
95
-222
-1684
-2189
-1625
-1401
-2468
-5859
-10380
-10683
-7770
-6320
-6394
-8109
-10564
-9652
-13125
-44706
-62994
7980
82734
53349
-9260
-30211
-18531
-2711
852
-721
-891
3373
-7243
-27363
-25896
-5373
4922
3655
830
-1567
-2798
-2684
-1569
-385
-510
-1373
-1765
-1626
-1112
-609
1268
5969
7821
6703
10477
16718
22539
29152
34708
41861
56123
76385
94333
93520
60129
15792
-4605
-4756
-3643
-3917
-3555
-2646
-1147
-1078
-4763
-8441
-7866
-7178
-9826
-11586
-10160
-7618
-4616
-23031
-64925
-43423
48458
66094
3629
-17801
-3048
236
-1275
-579
270
2301
-19250
-33941
-18241
696
3498
91
-1934
-2684
-2701
-2343
-1800
-1774
-2694
-3536
-3600
-3032
-2943
-1506
898
-169
-1845
-528
-1549
-7345
-12152
-15381
-17057
-11829
-982
11678
34011
71468
99290
82200
31146
-5109
-9807
-4929
-3427
-3012
-1186
1905
1265
-5504
-10575
-9619
-8847
-8133
-4476
-1538
425
-2776
-34579
-70100
-60198
-33599
-16155
-2602
993
-670
-687
4
-247
-11942
-30752
-27758
-8343
1066
500
-1969
-2709
-1609
-229
556
-18
-1099
-1720
-2282
-2590
-2526
-1174
468
-4434
-13841
-14323
-7565
-5753
-8133
-11837
-16088
-15622
-8254
-249
1667
-878
5971
41134
91323
109840
72071
16831
-5618
-4208
-2392
-20
4843
6699
-2874
-17863
-18332
-6315
-260
-162
532
2105
5190
-5647
-68719
-139308
-111193
-29510
1714
-347
203
1010
7079
13027
-28510
-33118
-14090
-803
384
645
-344
-1277
-241
416
375
387
341
380
256
12
-91
-301
-4653
-9726
-6977
-2876
-3575
-4411
-2916
-3401
-8520
-13230
-9729
-1538
-1225
-4772
-1562
10543
44158
104121
135573
84805
12829
-8168
-3422
-1045
1941
4795
-657
-19664
-29749
-15313
-782
556
-107
399
2178
-5141
-51060
-87716
-51264
-6274
875
-271
1466
6985
26081
36516
-31637
-23557
-4005
-124
-1853
-772
-235
-420
519
516
-246
32
163
-3
440
892
1162
-2116
-7974
-5639
918
60
-2798
-1148
2069
3392
-101
-6428
-10821
-13360
-8530
7160
20082
18907
10000
16235
66524
106741
63176
3694
-7614
-2767
-1358
356
1443
-8556
-25888
-24804
-8343
-477
-525
42
-2460
-20779
-36159
-20351
-742
1438
263
886
5630
23014
40891
32126
-20598
-9980
259
-1933
-3577
-2494
-676
263
507
621
163
-452
-532
-281
164
633
-174
-3114
-3139
248
656
814
4657
7303
6458
4045
-983
-8186
-12266
-4433
14326
23549
12496
-3772
-11455
-16823
-5182
59547
113334
73329
10030
-4837
-694
493
2323
354
-13206
-25414
-17979
-5286
-2018
-401
-11117
-31661
-25787
-4259
1566
-109
128
2814
16829
36873
38524
20363
-5055
-1022
1293
-638
-2342
-2242
-120
1115
88
-811
-435
-170
-221
-151
-311
4896
7547
-493
-2790
-250
447
5077
9911
8646
2644
-5499
-9209
3154
23395
30981
17924
-5159
-15189
-7718
-642
-2875
-13409
5246
84272
124362
63226
4179
-4031
-682
404
880
-5365
-23092
-28488
-8476
6876
-2336
-25192
-29978
-10709
840
402
-21
444
12055
31537
34261
24128
14810
873
65
-849
-1005
-1471
-1480
200
938
-518
-1870
-1747
-724
-37
-1240
1210
15043
18447
2817
-3633
-425
2496
5956
5202
189
-7352
-7156
16929
44546
40856
11965
-11401
-13534
-6125
-2542
-3042
-5282
-8242
-11352
12601
78410
94040
31440
-4497
-1408
359
937
-1922
-1509
26329
77050
105383
67352
303
-14709
-291
1260
451
106
7892
28295
36873
25508
11044
817
329
353
-656
-1669
-180
1569
767
-918
-1752
-1466
-946
-890
-932
-2492
7749
23304
14497
-264
-1087
1924
3730
880
-5140
-10702
-4839
22959
45700
32851
1456
-14259
-9296
-4637
-10030
-15933
-15043
-11004
-7995
-8101
-14598
14245
69676
57531
10190
-509
6
-3319
16796
71234
114628
119454
120127
103860
46716
5359
-609
-742
-1107
3741
23022
37685
28980
15108
3047
-4285
2181
3572
2786
700
1534
4353
4240
1838
634
1106
1610
1015
258
-212
11926
19538
1930
-6109
-575
1263
431
-3550
-7104
-1772
18983
32893
18104
-3224
-7595
-4243
-9231
-20721
-21938
-14022
-9618
-9961
-15657
-20478
-20626
-16004
31034
79197
48555
3018
-1830
31244
94676
130370
97344
33347
8911
27442
30040
8624
-2022
-1769
-1083
13108
33814
32265
16327
3322
-4000
-3742
2940
3407
2899
1889
1754
5016
7604
5390
2556
1835
1441
764
148
578
8324
9026
-3856
-5567
-2117
-3613
-4089
-4129
1592
15349
16512
-2209
-10397
-4830
-4686
-11913
-21200
-22411
-18547
-17606
-17505
-21359
-27535
-25635
-20094
-25243
-8994
45805
60005
30999
47916
103546
123402
80760
21273
-7992
-12025
-13790
-12397
-3877
-15
-757
6666
25205
32128
19333
6321
-1473
-5058
-4032
600
611
1201
2388
4427
7250
7406
3825
777
-172
-833
-1504
-2505
-463
9538
14060
6963
2602
221
-2478
-2147
2857
12642
11023
-5091
-13389
-10589
-10712
-16598
-20392
-16020
-11922
-16866
-22727
-25822
-26284
-17512
-12551
-23771
-35571
-40995
-21973
29284
70788
89734
83995
45211
6874
-9394
-9236
-7478
-23193
-28867
-9557
671
2776
19392
33167
23482
9234
1975
-981
-647
-282
-1155
-1247
-488
1568
4271
4372
2363
1018
430
-51
-699
-1099
-1870
711
9174
17014
19916
14039
3635
-423
3858
11758
9205
-2208
-4780
-6307
-15170
-18031
-13562
-10006
-8837
-13190
-20857
-24738
-24095
-16736
-9533
-17249
-32761
-39582
-34718
-18592
17649
50674
40180
10011
-3527
-7000
-22911
-44385
-56956
-60747
-37625
-7382
849
10354
28539
30067
15766
4908
1060
1288
2883
2879
-1269
-1715
-775
1047
995
-1056
-1081
653
1064
666
141
-242
-916
386
2978
7621
17315
17182
6056
4266
10169
5650
-4338
-4532
-2834
-7045
-13002
-16615
-14906
-14368
-19063
-20881
-20302
-22702
-23485
-23315
-29974
-36838
-30562
-13346
6440
19048
15846
3739
-4501
-3714
3253
-5325
-38494
-61442
-75994
-75540
-33988
-2328
4871
21560
31617
20750
7547
663
-592
1220
1825
1408
10
352
1209
1501
746
528
1600
1755
230
-678
-761
-712
-1486
-262
7466
17132
22908
21887
15712
11505
5945
-2000
-3249
-4463
-9080
-7984
-9975
-24008
-38563
-40997
-36051
-30616
-22748
-20408
-30816
-44959
-45772
-26760
2874
27365
29886
14383
2267
1185
5589
12025
7990
-27014
-61066
-47536
-38186
-45950
-20211
1962
12210
28432
25991
11424
781
-3621
-3229
-2145
-1918
-1617
1568
2636
2974
2584
2382
2825
2895
1422
-594
-1037
-188
230
-552
-1739
4854
20768
24025
13727
9024
2464
-4590
-1902
-2475
-8015
-8423
-9311
-17680
-32505
-48546
-48152
-36995
-42750
-55722
-65078
-76236
-70122
-31588
15198
38135
33117
15660
3310
4107
11948
10546
-15252
-65504
-100169
-64733
-15263
-25859
-33884
-10494
4299
17740
26301
17648
7289
1530
-1500
-2804
-3504
-3502
-2668
1982
1746
1401
1817
1369
427
576
809
150
-313
108
611
1139
-4608
-12196
-53
9741
901
-1662
-1379
-1465
-2109
-6193
-4689
-4579
-13349
-22462
-26619
-30225
-34025
-35855
-40249
-50176
-59249
-47778
-8504
28969
39272
24862
4428
-2387
3661
5361
-13682
-59723
-112584
-125939
-65691
8013
-12215
-59013
-32367
-878
9508
23572
23931
14979
7345
3716
2837
967
-603
-1418
-1422
1987
1142
-542
-1399
-1977
-2184
-1048
563
662
-258
-583
-194
1217
-3905
-22571
-21166
9727
19722
8510
4904
825
-6027
-5540
-3300
-9222
-21067
-29570
-29227
-19647
-16994
-23953
-18816
-8724
8225
48610
78540
58597
14460
-11946
-15468
-8436
-15399
-54109
-98682
-106373
-68204
-1510
45429
7988
-59879
-53369
-11553
4102
15712
26330
21349
12676
7128
4092
3507
2906
2232
1091
-145
1849
1362
-1462
-3124
-1810
-83
760
792
-88
-771
-887
-989
16
859
-22846
-39869
2601
31904
13909
1749
-2317
-4080
-3305
-11303
-23644
-28104
-24032
-15562
-7737
-7456
-10679
-4545
12454
46596
81019
69564
23600
-11258
-20935
-13689
-13185
-50674
-102379
-102399
-43897
28131
48256
-11514
-68090
-49686
-9228
1203
5858
16761
19999
15222
7620
3651
3570
3134
3267
3041
1562
348
716
41
-2528
-3965
-1724
1549
2673
1334
-498
-894
-519
-543
-27
4028
-14405
-43646
-16704
21204
9995
-4763
-2094
165
-6532
-19478
-24163
-16705
-6305
2144
945
-7749
-11036
-2924
22516
51440
47159
11842
-11411
-12686
-6580
-768
-2057
-16752
-33247
-26039
-7872
-16624
-59863
-84571
-50891
-8617
1258
895
9874
17527
15109
9670
3292
294
2035
3588
4127
3115
1647
672
-550
-603
-1628
-3031
-2462
-172
1318
1246
542
433
1060
1310
1160
3266
-1982
-18764
-19009
-7129
-7771
-7118
-2379
-7232
-19389
-23502
-14914
-4650
132
3906
5322
809
6660
24333
43277
44384
8559
-23743
-23598
-11796
4503
14662
20823
37480
31383
-5557
-22538
-35832
-58370
-40044
-5538
2471
-694
4135
16718
20760
10409
-515
-2289
-585
892
2372
1894
1284
1166
319
-1070
-643
-169
-725
-804
259
1399
2107
2002
1728
2233
2242
2642
4972
6832
-6301
-32998
-37968
-16871
-2011
-8660
-22814
-23956
-13495
-7174
-5530
-1316
3956
7278
16720
45423
66938
54267
24404
-4684
-22336
-21622
-4197
13100
18032
22503
37182
37448
4339
-18657
-12880
-4430
1118
2529
464
-4
8896
23645
24685
7559
-11882
-16717
-12055
-7495
-3161
-1305
-1412
-1762
-1623
-1323
-1728
-1292
-773
608
2353
2424
1728
1766
1850
1687
1722
2179
2450
4346
-13299
-49256
-43348
-5704
1245
-15810
-21480
-11430
-657
1401
-2215
-3548
-4094
5145
34161
60699
60710
33533
-2009
-21555
-20233
-8337
5237
8602
5266
8534
26424
41604
21821
-7081
-7855
2789
4099
1142
-477
2775
14390
24761
23905
14335
3011
-5185
-10744
-15142
-15921
-13288
-9688
-5800
-2390
-1519
-1644
-1192
-725
524
1918
1716
360
-127
309
465
672
241
-1992
1823
532
-22792
-25722
-3722
-6596
-12534
-2611
1168
296
448
1500
-57
-2355
18159
47770
43213
26863
6039
-36099
-49930
-19565
4862
1028
-9498
-12250
-10893
-858
13840
12719
-3410
-6777
3917
5289
673
-717
6205
17942
18904
12000
7880
10909
13688
8539
-482
-8571
-12941
-13568
-11678
-6980
-38
817
448
-732
-753
512
2006
1865
356
-197
-133
-656
-1852
-1886
7835
17615
4011
-13556
-17206
-16167
-4969
5340
3166
-413
-782
311
2781
18226
49598
60920
32381
-11567
-47650
-62230
-59552
-53290
-41368
-28595
-22562
-22315
-43156
-80590
-77356
-29547
-5339
-2989
5873
5159
-507
78
8498
17863
13525
1517
-6156
-6567
-1740
3940
7483
9027
8106
2280
-6259
-8780
-544
-1071
-2359
-2797
-872
959
1319
1181
168
-1070
-1869
-3474
2848
21070
30283
21769
5235
-15189
-22621
-7616
3048
663
-372
1655
4107
336
7579
41364
66619
50275
-9224
-77737
-93336
-57730
-37136
-48742
-57059
-45047
-20177
-21718
-76587
-123994
-100322
-38090
-6371
-2546
2995
2344
-2063
1355
11430
18514
12172
-1364
-8445
-10164
-10558
-7314
-2118
2695
5824
4920
518
-2467
-1895
-3874
-5044
-3520
763
3561
2315
-36
-467
-302
-671
-3042
4435
33872
41485
3972
-22910
-20683
-12376
840
5540
-2533
-3110
-408
-1870
1181
21835
50842
46366
-5039
-64296
-77185
-42355
14078
51796
27414
-15501
-22532
-8624
-30788
-65598
-41194
-6614
-4642
-5079
-847
3456
2838
-1157
4165
16134
18588
8614
-2512
-6199
-5621
-6380
-6872
-6634
-8582
-12210
-13870
-7212
2470
840
-535
-2540
-2413
579
4578
5736
3666
2996
4621
5022
6985
10866
11275
-3199
-26955
-26239
-8712
-1159
5222
11299
4959
-3483
-6072
-6670
10896
43592
48314
-4103
-60887
-43993
7903
33158
49246
59008
40310
7039
-1222
2201
-11248
-2587
22892
18370
3540
-636
1508
6213
4093
532
8222
18613
14745
2869
-2942
-2237
-901
-2598
-5784
-9494
-14078
-12995
4173
33458
40340
-170
-1535
-2938
-3203
-1371
2529
5806
5454
3119
2313
7302
21519
16323
-32781
-67492
-36905
4451
8240
3465
7802
10675
7698
-682
-4488
4484
31705
53926
12978
-60725
-57833
11087
51793
47184
11790
-12275
7422
14416
-739
3796
27861
35946
10804
-5041
1939
1654
596
5599
2521
1393
10593
16556
9720
-689
-3227
-1680
-1845
-3611
-6713
-10507
-2370
29434
64049
74028
51308
-4696
-5912
-5017
-3919
-2545
-985
780
1231
-216
1345
10329
15884
-2371
-37843
-41566
-8784
3836
-4110
-3054
-1954
-1331
5214
4658
2391
19073
48752
29706
-46155
-67617
-19234
18927
40987
51945
34912
11249
7720
9172
-4539
-3922
24415
28874
9836
6992
8278
675
-2060
1839
761
2909
12858
15466
7719
95
-1415
-2090
-5054
-7336
-9242
702
36159
69337
64734
37989
16636
-5993
-6011
-3566
-2392
-2855
-4784
-5226
-2703
-319
1854
633
-10620
-18044
-7159
9390
8138
-7797
-12110
-10466
-19389
-17311
5702
14266
10435
34912
44143
-21080
-66487
-30311
-1634
-2209
8383
26002
29281
14453
2350
1981
-4888
-9979
2996
12950
12932
9383
3612
-1069
-3505
-112
3009
7187
17425
18132
7665
717
-1527
-3091
-4208
-6377
-3304
24304
54324
43727
19081
16306
16406
-2903
-2844
-2095
-2189
-4050
-7084
-7084
-3748
1585
7249
1948
-9360
-7660
1763
7516
5428
-706
-2841
-5949
-11173
-3731
14203
17677
20984
40820
8066
-56333
-44304
-5228
-2643
-11131
-16907
-16180
-13213
-13894
-13847
-9253
-11199
-14721
-5907
980
753
-1912
-3572
-2463
-4147
-809
6344
11889
18494
14636
3378
-644
-1392
-3147
-4529
-5359
11808
41288
36705
13204
15467
25045
17282
725
-186
-2064
-2938
-3049
-2822
-1348
40
2036
4613
-174
-6433
-3511
1772
5208
7659
7115
2802
1813
10803
11194
-6551
-2863
30299
16375
-46952
-53667
-13072
-30
-4273
-8949
-18340
-26341
-25064
-20057
-16867
-9727
-9177
-15064
-8351
-1242
-4180
-7810
-5923
-2582
-5077
-1655
9428
16643
16586
6497
-2904
-2678
303
1157
-1973
1807
27285
40036
21732
14824
18959
13980
7002
491
214
1147
2493
1487
628
2211
3687
524
-8636
-14877
-12635
-6042
-478
-889
2807
10974
9853
4136
1215
-11696
-25120
12738
48828
-8296
-59901
-26403
4277
828
-3639
-6580
-11226
-16292
-16396
-11297
-7478
-6860
-12354
-28840
-35931
-20667
-11229
-12532
-6606
-1659
-5500
-3192
11461
21298
15837
3049
-3954
-3435
-1636
-748
-1854
10001
30709
27892
16845
15415
9484
4631
4510
-963
306
6415
11716
6219
-1097
207
2394
-1696
-5691
-4537
-4235
-3757
-2838
-6110
-1084
12489
18871
13360
-988
1769
25593
36876
5528
-38230
-30555
-412
7101
2934
-1624
-4349
-6681
-8247
-6572
2397
11715
16223
27333
17586
-17585
-25011
-16541
-13460
-3309
2601
-4121
-6838
8967
20984
12429
965
-2174
-2176
-2589
-3220
-1688
12124
24143
19576
15091
10164
4968
5227
3784
-2270
-1622
3464
8174
4870
185
1489
1829
-71
2697
5421
2750
-3409
-9038
-11717
-14042
-2277
15031
11885
15114
45013
56665
5980
-54444
-47774
-9894
3154
2804
2154
390
-2368
-7008
-10591
-10550
-3681
12086
42277
79182
72278
20655
-13312
-18401
-10634
67
3151
-4134
-8358
6024
15982
7144
-1179
-2236
-2102
-2187
-2527
-53
10533
19136
17686
11965
5418
2700
4290
4226
-3521
-3251
-1113
1056
3407
4603
3419
2292
4824
6087
2127
-1904
-5594
-4125
-152
-9430
-12930
-493
21775
61183
62700
13266
-28374
-39067
-17575
285
-1680
-4606
-3857
-1398
-1841
-4206
-11773
-24728
-29218
-20865
-12540
-18152
-36846
-42359
-29587
-18645
-7013
1048
1173
-3582
-5700
5531
11539
4270
-1467
-1895
-820
-837
-2347
-748
8471
18289
17262
8484
4164
4834
5912
4884
-2815
-1988
691
2594
5353
7066
4545
5571
9310
5249
-1412
-6728
-8028
5465
18266
10694
-5471
-4723
27445
46276
13839
-24280
-30843
-16791
-2909
804
-2114
-6993
-8234
-6526
-6054
-3023
-2465
-14380
-27894
-28128
-28896
-48296
-64652
-54115
-32427
-15682
-3877
560
1415
-676
-820
8379
11230
4741
1754
2098
1927
1257
-414
981
12173
21285
15647
7931
7610
6872
2482
-496
-1584
-1221
343
-1067
-844
2716
3390
1293
744
-836
-1879
1536
2678
10236
19987
15644
8860
11306
13319
-3900
-27350
-31878
-19935
-4979
813
277
-1187
-5456
-9905
-11470
-10080
-7224
62
7323
4152
-1933
-3649
-4763
-5219
-13319
-20827
-10364
-248
461
1717
1100
2462
9394
9922
4700
4057
5480
4386
2044
-747
912
13718
21196
14230
9963
7171
-1861
-9162
-8058
-1344
198
2230
-2717
-7034
-4365
-2395
-5861
-8471
-8024
-7987
-3516
991
1568
6845
13857
13396
4924
-2880
-13669
-35146
-35600
-11329
868
214
-879
-2337
-5575
-10974
-14681
-12230
-8727
-4614
7691
22881
29511
22117
8344
-6673
-20974
-17237
-2640
2271
2346
2961
1732
2459
6579
6965
3807
2096
2611
3397
1843
-1967
-716
10121
15634
9680
4354
375
-3730
-3778
-1388
-691
542
2626
1192
-2706
-4265
-3567
-3040
-6160
-9962
-9317
-6562
-4070
-8138
-15062
-6945
7958
7253
-14754
-47953
-51866
-20606
-566
626
-707
-1939
-2656
-3517
-7065
-14530
-19158
-16594
-10454
914
20112
37797
42136
26230
-5759
-21003
-7699
2106
1794
3268
4050
2713
2274
2328
-20
-2364
-2468
-1531
-909
-1672
-3292
3554
15330
11743
631
-2921
-3925
-9801
-29829
-38945
-713
-2603
-4950
-3073
-845
-2889
-4310
5570
18137
11326
-1102
-2535
-2646
-2873
-5370
-12425
-6825
12376
8091
-14865
-12281
596
2335
1554
263
-727
-863
-474
-1286
-4031
-7817
-9917
-9005
-5419
478
4254
3936
5747
10238
9655
3173
-1320
-327
2425
3740
4340
2463
-9753
-27407
-32450
-24211
-14829
-8455
-5377
-4359
9351
21362
5839
-8581
-11876
-34464
-85313
-136763
-119886
7761
2035
-8880
-13038
-9529
-6863
-1416
12976
19041
7632
-3049
-3034
277
-308
1905
5689
-1243
-8372
-3496
17706
32253
17714
2740
940
510
-83
-428
-772
-491
5744
15271
15728
8286
633
-8807
-19475
-15727
21935
82592
115277
88970
36410
4109
-1528
202
2221
852
-10302
-23641
-32560
-38327
-40635
-36943
-28464
-18343
-226
7305
-7412
-15249
-34917
-90071
-134262
-126468
-74637
36427
31156
3982
-13498
-13310
-6584
-464
2483
-4272
-11750
-6793
4657
12010
1957
-13169
-5639
-2348
-15565
-13812
1758
14374
15479
5573
59
718
947
786
417
530
3244
8789
9737
6382
2561
-5907
-13560
-4682
21883
59374
104159
138331
131974
75672
15038
-6148
-3126
-162
5057
14867
13825
67
-16341
-30846
-35013
-27641
-16179
-8331
-7201
-26479
-78876
-109720
-72051
-15497
7096
36618
53374
31964
2673
-2793
1945
2105
6447
6113
-5189
-5515
1318
2425
-3161
-13045
-19850
-22910
-16824
1654
7705
4847
14008
12374
2200
861
1823
2069
3686
5404
2624
-1230
-1781
0
-44
-2075
1792
6550
-4182
-20114
-9323
41168
110249
136598
81368
11683
-5859
1659
8708
17990
23859
25722
23883
15705
6017
4292
11298
15954
2561
-48501
-93774
-63475
-4089
15112
7616
-8213
30222
43323
16528
4568
7445
7001
3241
-5304
-8082
-4152
-7715
-10245
-6925
-8708
-14419
-13914
-10442
-10145
-924
11395
18279
19325
7317
-881
228
237
3443
7751
4558
813
2894
3834
2185
2488
4549
-731
-15513
-26617
-27322
-21303
8172
78903
116916
63566
8076
1365
3137
2932
5382
9418
15382
20561
20711
30955
49226
39333
-8566
-59144
-53487
-6942
13020
8741
5180
-25278
758
24991
12663
2224
5367
3503
-9462
-16136
-6361
-1087
-3197
1615
4384
-3170
-7998
-2642
-1102
-10156
-7544
415
5757
14952
8774
-201
-539
-1290
1267
4755
3378
1280
2310
1354
-377
496
-1103
-7872
-14294
-16605
-15390
-13014
-12062
10882
72583
89266
33945
2976
3266
547
-395
-1112
-738
1273
17764
57566
71487
28606
-32523
-54497
-20089
7969
3947
650
2841
-12491
-7930
4268
3691
407
2830
3203
-2267
-6002
-2927
-1785
2452
8195
3937
-1949
-5988
-7556
-4183
-1576
-992
5256
10799
5225
720
806
-424
896
6229
8367
5442
3305
2785
979
-1917
-3011
-4307
-7386
-10119
-11391
-10529
-8408
-6211
-6708
22622
66533
50591
13082
3389
710
-1317
-2666
-5618
-505
39857
85318
67964
529
-53260
-46908
-7748
4581
-566
371
807
-6082
-6739
1434
3319
-1130
-2633
-1814
-2710
-4853
-3319
-172
558
-3901
-6299
-2876
-2253
-6107
-7939
-1990
-2152
-7108
-9287
-9156
3352
8834
2229
4067
11590
11323
5936
4481
4184
2691
-676
-4490
-6213
-6829
-8566
-11567
-12148
-9512
-7781
-9876
-1250
35242
52720
23444
983
-1881
-2459
-658
-2029
6439
36086
48498
19153
-32888
-59045
-29383
-994
-1106
-676
-166
-2860
-5234
-7366
1651
4690
-1499
-3115
-861
1370
1386
430
1894
-2101
-10511
-8462
-1231
1677
1541
-899
-3406
-9391
-21105
-30642
-24796
-6340
2517
2016
6562
9697
4851
3659
7265
6185
3416
1296
-2068
-4850
-6295
-7644
-9997
-12941
-13103
-11023
-10191
-9470
16422
46472
27731
854
-729
2049
3394
4005
3184
-10074
-20552
-22573
-43770
-45906
-14529
-2640
-4908
-1760
-1713
-1874
-5489
-9997
-1214
4097
-1693
-2608
723
3120
4234
2972
1112
-1408
-3013
-1726
124
998
3133
4602
-6266
-20853
-14425
-2944
-8809
-15619
-11737
-1157
8613
5286
-2186
3276
9550
7080
4033
2938
1088
-1794
-3919
-6177
-9228
-12930
-15729
-14530
-10302
-8500
11622
39911
16230
-26042
-27248
-10804
-460
9142
3945
-34624
-50516
-34215
-38956
-32433
-11282
-5244
-2251
-695
-1943
-2195
-3568
-3628
7209
9001
-1940
-4920
-1822
-1765
-977
526
-672
-1044
325
752
2
-1456
-610
7593
7536
-8560
-16695
-12641
-7087
-5396
-4178
4741
10273
-817
-6371
5235
7918
2378
1692
2492
1428
-1673
-4471
-6663
-8560
-11327
-15712
-16940
-12054
-7356
7028
29024
11437
-34227
-52628
-50358
-43839
-24281
-330
5829
-3290
-29384
-51045
-32429
-7620
-35
1615
444
-3089
-6902
4652
6337
15942
16164
3032
-423
2244
-974
-3606
-1807
-420
-529
-924
-674
-67
-1108
-5450
-5860
8260
20030
2234
-20564
-15019
-2521
4188
11520
5373
-7778
-1040
10726
5967
-950
-882
1560
2056
-823
-5084
-7748
-8467
-10838
-15528
-17735
-14878
-10615
-4000
18370
32662
10929
-15465
-33722
-51257
-46716
-42
52268
29126
-47948
-65342
-25146
207
2664
45
266
-2471
-5330
13954
13457
12835
13983
6146
2366
3732
451
-2423
-1507
-90
-846
-1402
599
2941
3368
176
-12273
-16369
-963
3849
-2525
-2183
1933
7384
4386
-8043
-4845
10471
10523
2882
-103
-492
1669
4031
3302
-874
-5637
-8892
-10988
-14218
-19054
-20426
-15943
-11195
11941
40902
31935
14066
9243
-1711
-9495
13622
24903
-42031
-93293
-50648
-1800
4729
-1489
-154
2108
-1256
-1021
-255
-4389
-3292
3935
2845
338
2308
-838
-5290
-2837
840
1516
1864
3384
8228
11527
9240
2429
-8211
-12559
-7878
-2740
-34
1894
1129
-3780
272
13388
13588
3176
-948
-399
-50
1796
5207
6298
3489
-1354
-5863
-8411
-11025
-15855
-20003
-18926
-14254
4678
32013
27926
8148
9943
20710
15545
-16738
-69482
-104253
-73089
-11613
10185
-261
-1730
6770
2892
-4158
-2029
-15281
-17951
4345
20269
9401
-111
-952
-5725
-8119
-2780
1617
2885
4211
3552
6940
14051
12121
6443
789
-5675
-4883
-1083
2134
7264
10321
13046
18687
16882
6008
-1334
-2625
-1957
-1228
-531
1944
5301
6592
4687
784
-3797
-7685
-10485
-14821
-18961
-17826
-5583
21885
31022
9930
5433
19200
11302
-41699
-85934
-56797
-6206
8952
267
-2789
9097
9857
-4235
-8930
-4169
-8713
-4198
24816
38109
17038
544
-4079
-8559
-6442
-730
1744
2739
5677
6458
1859
2948
8756
5368
-8080
-14858
-3512
7453
9835
14535
18957
18020
11893
4670
784
-999
-2174
-2741
-2977
-2877
-1839
908
5020
7698
6343
2325
-1826
-6819
-12900
-16328
-16558
-13785
10864
33763
15719
-160
6983
6360
-7535
-10081
4203
8572
779
-2198
10291
16866
-1775
-14748
-5107
4249
-8771
-43356
-90896
-90266
-71617
-88826
-98243
-64526
-22334
-6655
-7644
-9321
-11502
-13246
-17877
-24024
-22040
-17468
-18453
-21408
-17812
-8749
-6589
-13689
-23361
-31016
-35938
-38639
-40152
-42071
-44526
-46801
-48892
-51371
-54117
-55985
-56317
-56016
-57333
-61508
-69199
-81673
-98177
-116886
-136527
-155414
-147330
-91271
-38727
-30896
-37657
-36232
-29948
-25551
-24290
-22324
-20357
-17187
-18122
-28468
-32642
-21716
-10478
-5496
