65348
180
65359
371
36
64915
112
45
66
64894
35
65478
65517
65316
141
65082
174
65301
184
65151
231
65034
325
64757
419
64763
155
104
58
65187
242
64953
310
64724
271
64990
179
65237
215
64862
300
64831
336
64708
273
65050
251
64830
331
64828
135
225
97
64916
128
125
162
64865
174
65476
65511
65517
135
64943
102
147
27
65320
172
65161
121
65399
119
65166
205
65159
60
16
47
65252
32
175
65477
65361
65497
78
135
64689
113
13
65403
126
22
64834
37
230
65425
74
65535
65422
65428
65352
65143
296
65379
65334
254
65211
73
26
65479
3
76
65043
126
65401
11
65423
126
65032
260
65029
139
65409
118
64989
61
65406
64
65068
312
64729
328
65302
284
65147
65
277
65532
65321
221
64953
168
307
106
65255
285
64930
202
115
189
65191
289
65295
143
9
211
65078
276
65497
113
128
65528
373
121
65088
152
125
92
65431
74
237
48
65534
81
136
201
65123
363
64797
277
65363
287
64854
382
65034
226
65513
102
65335
206
65265
257
65216
295
65075
363
64984
238
65442
222
65081
315
65092
107
234
74
65441
269
65004
230
65337
243
64880
105
436
5
65194
1
318
65414
361
84
65034
320
64860
334
64920
126
333
65426
65293
12
65118
328
65094
278
65337
41
223
50
65352
96
65473
41
65522
117
65337
270
65111
110
142
77
65416
341
65200
15
65332
36
355
147
65053
295
65380
4
303
65506
1
50
215
161
64895
207
102
16
408
58
65349
160
65485
105
120
154
65227
303
65250
327
65153
174
89
156
64955
186
65525
18
106
43
65364
55
82
107
65107
163
65490
130
65424
85
289
44
65424
94
90
121
37
157
65430
149
65491
141
65445
271
64821
322
65175
209
65524
135
34
170
65308
118
223
118
64973
348
64767
315
65339
178
65264
95
90
6
65449
65459
508
45
65113
109
28
83
65305
115
209
65493
386
0
65437
49
65510
65307
511
65425
65308
268
65460
231
65114
118
328
65501
154
23
64
64
121
90
65400
142
65410
233
65161
412
64759
65458
186
1
65523
124
65430
217
65256
142
65404
202
65056
173
65366
51
282
179
65080
307
65017
255
65410
213
65350
196
65424
285
64977
401
65080
356
65108
299
65100
140
189
43
102
21
86
12
118
63
60
40
229
96
65184
154
65307
192
65228
111
226
100
65266
256
65012
338
64855
388
65053
252
25
15
524
65460
439
109
65200
324
64892
280
65232
160
65444
34
345
65527
255
65528
401
65490
168
65511
85
65512
121
149
64977
312
65030
178
65469
43
56
116
65173
78
154
44
65307
43
346
65418
65320
65304
485
90
64917
408
65177
333
64777
260
65349
287
64723
317
64947
275
65209
200
65436
201
65325
196
215
65522
65436
131
65201
188
65060
201
65186
180
65412
192
65351
34
294
161
64834
289
65424
230
65165
329
64948
386
65042
384
65106
307
65309
297
65258
222
65482
158
65300
157
65444
283
64822
261
9
216
64899
377
64923
326
65257
96
186
65475
306
116
65269
295
65190
280
65263
134
300
25
357
231
64886
395
64939
349
64849
334
64854
324
65165
175
133
65523
301
128
64983
287
65198
229
65130
303
64730
193
202
83
65285
140
65391
233
64947
116
484
40
65103
80
237
31
65409
154
65150
113
80
65527
208
9
65533
65378
65503
65351
114
233
65199
150
366
119
65324
56
511
65502
271
74
124
78
126
272
64875
404
65030
71
65137
82
307
65378
486
65410
353
133
64834
233
65381
114
65242
161
65440
144
65448
131
65496
98
319
241
65044
405
65070
288
65203
277
65138
193
153
45
119
171
65181
262
65394
314
64942
217
186
182
65145
382
64968
207
187
109
65287
309
64904
431
64909
302
65362
162
65249
283
64950
245
385
184
65477
170
162
35
202
126
65298
131
81
103
65338
94
287
217
64843
172
425
65522
169
212
64887
298
65327
203
65390
53
382
71
65213
37
352
97
64977
141
62
53
65404
155
65425
180
65120
138
107
65357
352
65204
389
65447
200
298
64892
370
64851
426
64733
321
65457
262
65041
392
64840
357
65452
256
65351
70
65177
93
65521
66
65280
154
65371
65496
530
65416
184
65519
62
79
17
64
22
182
65045
352
64850
404
64924
267
65500
38
188
82
65315
314
64797
287
65328
277
65015
254
65403
255
65053
252
65438
161
65271
239
65376
316
64875
287
65255
97
417
65507
107
65470
143
65394
251
13
65360
137
65003
208
65179
261
65466
277
65263
181
14
190
65002
312
65018
353
64962
174
382
205
64794
239
65488
140
65440
240
65139
307
64950
241
65354
218
65203
133
65532
92
65245
51
398
7
65438
260
64860
218
80
14
222
0
78
65485
65171
42
65124
177
65525
152
65456
148
156
291
64775
426
65171
314
65349
382
64760
349
65268
65474
162
65512
71
205
64869
230
85
60
65336
19
275
99
65044
230
65360
136
65366
120
65444
144
65521
83
202
17
44
29
65438
24
302
101
65365
172
65429
214
65311
129
142
96
65410
143
65496
3
235
130
65114
201
28
256
64971
370
64801
218
65337
39
111
134
65161
221
65353
15
339
65535
65165
123
65136
206
65201
364
65220
208
9
84
65520
221
65110
303
65041
286
65325
177
65425
199
65071
182
118
11
377
124
65214
301
65177
149
107
6
130
194
64892
250
65423
79
232
93
65218
208
65127
203
14
92
65490
65366
102
65332
65428
102
264
109
65325
250
65283
330
65072
313
65232
193
9
92
69
65526
65211
157
65263
116
368
102
65204
210
65005
303
65025
242
65377
177
65443
94
158
41
65512
107
65397
107
65475
50
77
30
142
234
64855
229
193
115
65241
245
65299
182
65432
98
65473
258
64982
240
65471
112
65534
168
65091
208
32
103
89
65509
261
76
65151
249
65055
223
65279
62
46
65489
135
28
65503
21
65350
35
65318
114
298
210
65334
124
154
98
65306
226
65199
131
43
65
65448
153
65285
234
65160
303
64975
324
65124
232
65152
127
65409
182
65197
224
65367
173
65362
41
258
92
65287
207
65381
257
65091
65434
309
65509
238
180
65020
362
65043
260
65432
169
65335
166
65433
95
96
150
65318
65533
65302
103
241
225
64937
164
432
65499
26
157
65161
217
65438
209
65146
277
65071
165
119
118
65306
146
70
198
64967
297
65136
354
64945
323
65087
190
65437
245
65115
197
65462
220
64902
252
43
267
64811
211
140
3
371
114
65108
103
109
65520
65505
140
65115
70
374
65500
38
17
65471
65429
166
65502
65496
4
329
65474
132
65456
65196
106
65234
259
65487
45
102
56
139
44
65502
65526
366
100
65111
287
65021
113
484
48
82
50
325
65511
94
29
30
145
65195
277
65094
162
54
175
65169
243
65238
33
267
122
118
199
65103
279
65087
340
65040
200
133
34
138
35
146
215
65053
217
65521
19
65276
228
65242
321
65009
389
64927
136
270
65520
200
172
65169
163
314
114
65268
292
65061
272
65348
317
64834
226
130
192
64938
188
322
11
160
86
65375
181
65343
194
65409
90
238
72
65267
99
188
187
65030
383
64886
210
140
3
22
19
24
8
300
65487
65522
15
65284
65509
295
65406
207
16
65368
65
65372
51
65315
65454
559
65300
65389
65507
146
228
65040
244
65087
145
133
221
64947
232
9
29
218
149
64988
369
65110
403
64986
285
65090
63
328
56
65278
132
60
232
64825
308
65246
93
23
96
65352
328
64892
258
31
86
52
53
192
169
65047
247
65255
276
64954
302
65440
222
64852
65530
172
130
65440
218
3
245
65224
284
64965
297
65161
328
64964
380
64986
196
227
246
64928
302
16
231
65313
140
92
1
292
131
65320
211
65128
164
65394
139
65364
268
65153
171
65515
25
156
100
65505
201
65190
320
65129
187
140
30
65438
92
65239
183
65177
20
393
7
65421
49
246
65375
65
65450
65358
0
71
67
65160
134
65162
17
171
65299
65483
65511
313
130
161
218
64926
409
64883
256
65469
64
64
182
65046
388
64897
450
65132
219
205
137
65039
133
75
64
65293
106
239
12
167
65532
30
156
65393
285
65104
291
65430
159
65361
107
71
179
65241
175
218
132
65419
178
65165
226
65445
127
65206
340
64921
450
64895
267
26
138
65198
268
65140
220
65469
208
65376
333
65048
320
65325
347
64823
408
65053
199
91
203
64815
413
64806
207
325
25
65515
89
65331
262
65131
203
25
192
64979
396
64745
188
314
130
65302
298
65147
194
65344
65535
369
82
65321
245
65131
138
65432
27
65220
65413
366
65367
232
65476
159
65369
634
65332
348
65444
115
65383
417
65209
151
105
65051
372
65279
125
380
90
65280
245
65004
165
210
87
80
257
65084
376
65072
274
65375
65
148
65516
125
189
64880
170
81
222
65027
248
65419
267
65132
380
65093
259
47
287
64734
322
65452
355
64639
234
1
123
65336
149
65231
145
65111
297
65323
294
65151
177
65479
65505
449
70
65380
108
142
215
64884
450
64813
343
65283
163
199
188
65258
272
65056
163
267
68
255
232
65055
145
26
6
223
186
65090
274
65269
196
65277
116
382
92
65124
289
65087
381
64888
171
277
163
65160
244
65494
8
133
65434
78
65465
143
65464
221
65475
65513
65534
65363
19
65443
15
65442
71
65203
34
65429
33
65090
65406
32
96
7
268
64969
261
65352
130
118
203
65075
260
65346
163
9
299
64799
483
65192
229
65524
94
65504
182
6
320
64831
294
95
180
65277
277
65350
374
64842
483
64650
277
113
221
65248
65
373
100
65105
66
420
61
65002
74
65348
226
65383
121
437
4
157
166
64794
319
65071
234
65365
128
226
61
414
76
49
269
65008
281
65414
112
65530
250
64918
417
64965
390
65027
174
65388
132
65445
252
65034
173
249
54
65452
184
65227
168
65534
214
65308
153
148
253
64796
295
65223
131
65173
102
39
65521
55
65458
300
65525
65141
42
87
65509
65479
58
65271
125
65369
65487
535
65312
316
65334
508
65246
354
65245
247
288
65013
222
65356
234
65046
313
65157
291
65217
208
121
122
490
165
65203
65474
221
65323
65528
65506
65362
335
65358
261
65094
327
64885
395
64942
228
145
84
141
72
216
184
64835
175
135
20
65424
185
65002
118
162
8
178
255
64833
440
64934
416
64808
123
434
65519
53
225
64952
366
64937
420
64702
428
64882
415
65080
279
65488
63
232
216
65012
370
65211
161
65394
89
64
212
65163
233
2
158
65369
165
65217
273
64969
326
65181
344
65062
224
320
65386
499
65410
65503
103
65350
188
65265
48
256
65492
65368
44
9
25
65331
65474
328
65405
312
44
65206
84
65297
65491
24
65489
65477
65410
342
65371
65170
139
337
26
249
106
65173
198
65408
298
64932
545
64955
280
65169
8
61
65431
65523
65438
65464
65487
65338
223
65221
155
131
41
195
64
271
102
65418
165
65315
224
64915
77
290
91
65167
54
135
66
65267
67
65530
159
64929
258
113
311
65082
290
65487
67
65318
140
65068
133
39
108
65484
127
193
129
65347
288
64988
325
65132
314
65003
304
65206
145
411
65452
39
160
65189
355
64870
326
65248
286
65029
164
111
0
267
162
65113
350
65318
278
64829
193
65159
20
300
65408
421
56
65102
120
65463
118
64990
97
312
65380
407
65347
33
35
64957
12
332
65384
321
65463
65
9
65365
65490
221
65505
65274
65511
65347
163
65236
188
65290
137
271
37
249
65534
65213
95
65259
40
65430
65404
498
65374
235
65517
65263
186
16
93
109
176
64907
326
65141
333
64938
206
357
65417
521
65480
35
79
65259
30
255
65475
259
65505
138
59
68
307
64798
452
64910
213
215
65441
265
65442
214
65442
327
51
65231
213
65261
100
151
1
203
75
21
260
65013
161
385
227
64781
141
77
206
65154
143
261
118
65272
228
65423
93
65527
123
65081
218
78
214
65113
176
244
65526
467
65513
65261
146
64989
155
152
4
146
65484
502
65523
65327
20
83
65423
398
65328
400
65365
319
58
65041
10
363
65497
65267
40
65408
65456
383
65506
65403
65529
40
48
236
17
65227
65401
441
65352
65535
65425
348
65428
304
65438
65441
65472
65322
22
65216
322
65009
268
65197
142
33
209
65049
241
65520
247
64804
352
64759
224
65264
49
250
16
65456
201
64836
283
65002
208
64910
297
52
112
180
144
65231
25
249
65504
65298
85
65318
108
75
108
26
162
65179
87
121
213
64957
212
207
224
64764
269
146
44
65183
223
24
82
32
119
65399
209
65424
79
165
5
188
166
64806
324
65244
319
65076
306
64762
139
224
65467
267
101
65142
242
65152
194
64918
155
65419
180
65020
107
3
65431
395
67
65019
3
586
65465
65246
23
285
65395
447
65517
65239
237
65149
85
65
65348
324
65435
65177
105
65111
65447
409
65422
65402
72
65099
65475
530
65197
621
65312
185
119
108
80
65532
90
73
58
65
35
203
27
65450
60
230
65454
209
107
65094
201
65430
69
269
65496
376
187
65035
314
65272
224
65338
213
65267
183
65060
31
277
46
65192
230
65186
285
65152
203
23
108
65261
303
64896
218
75
136
65345
172
65525
81
65199
277
65086
171
65364
273
64973
385
65113
295
65073
156
65349
55
210
108
65278
184
65254
51
473
45
65109
120
65383
136
65182
53
376
65410
363
65467
19
15
134
136
65091
258
65090
186
65379
105
65135
136
65431
94
16
113
65190
175
65366
65529
340
65444
65455
65457
150
65362
427
65329
310
65344
365
65327
327
65460
65508
150
65330
115
65077
273
64813
262
268
152
65208
295
65217
151
92
75
65195
113
167
65524
190
65469
272
122
65027
234
65372
232
64961
293
65000
73
37
196
65367
306
65049
202
207
65518
61
65529
65431
52
65396
91
135
261
65018
299
65432
97
97
84
9
96
1
194
65151
165
33
80
65184
116
311
3
36
193
65160
322
65156
96
389
94
65196
124
67
65460
160
7
56
90
65327
11
359
65450
69
65459
359
94
65087
85
236
65509
11
25
46
5
91
180
65105
160
65492
65495
335
135
65092
322
65265
117
204
65501
157
65429
202
65380
346
33
65093
65509
419
65265
322
65472
65236
65512
65451
50
65369
122
65453
82
5
120
94
309
64610
480
64764
444
64908
197
6
54
65389
272
64872
309
65037
294
64920
149
315
66
65455
133
65416
177
65204
186
64843
327
65148
306
65040
310
65152
47
249
65426
110
65477
212
128
65045
345
65060
380
64918
284
65385
138
65465
187
65129
231
65
55
195
65446
101
85
65239
120
65192
83
226
78
65456
253
65081
260
65492
39
124
65465
294
30
65394
148
65341
158
65174
50
255
152
64889
341
65185
255
65129
267
65080
115
61
56
65152
144
65351
45
238
65
65395
208
65439
240
65077
172
65141
107
65304
112
65288
100
65118
65523
277
65463
65498
65375
229
65356
65330
65453
191
104
65497
197
22
65503
65098
242
65444
76
145
66
252
38
249
65503
65491
124
65294
137
80
119
65342
103
155
195
64928
275
65202
103
2
49
65392
6
103
24
300
17
328
119
65389
80
65403
65491
156
77
64985
132
269
105
90
123
17
266
64862
239
65527
172
65064
345
64893
326
65070
72
65433
65528
286
4
22
53
65439
225
64883
404
64915
364
64956
228
65452
196
64860
230
65424
169
65213
136
175
138
65260
166
180
232
65112
95
114
215
64983
309
65461
126
118
132
30
244
65299
289
65094
259
65218
62
311
65386
342
65472
65471
65499
257
65313
684
65331
74
65485
65309
65400
247
65486
54
255
65391
382
65006
65482
190
65518
65476
102
69
60
65454
212
65280
122
52
65500
65526
131
65320
151
65455
20
87
69
65385
166
65439
84
248
65493
381
65476
28
65522
107
194
64819
392
64776
337
65153
30
328
65528
65286
12
301
118
65031
395
64776
222
201
126
65269
144
65471
16
370
65527
235
99
25
21
65337
116
65348
141
200
13
65480
41
304
65497
415
85
65451
179
65346
38
268
85
65228
135
252
209
64795
416
64985
389
65064
205
339
53
65395
105
116
185
64961
298
65235
180
43
93
65429
139
65361
165
65314
157
65158
65506
410
65461
65353
65499
268
65490
64988
65490
222
143
64932
324
191
304
65072
239
2
65441
65291
107
65410
136
130
29
65533
160
65123
399
64733
179
126
65522
65398
159
65040
190
65384
65509
197
104
64885
202
65527
209
64885
343
64911
193
65347
102
65173
117
195
46
58
66
38
24
65483
101
65373
67
114
122
65200
161
244
216
64801
173
366
4
65495
212
65003
227
65421
179
65349
75
65403
92
65242
298
64869
226
65454
85
65306
279
64800
309
65342
193
65262
64
171
121
65176
318
64960
293
65305
265
65432
389
64792
358
65029
207
65427
70
65473
72
349
69
49
62
65516
73
65276
144
65297
186
65318
76
300
53
65179
65495
357
65483
65038
77
209
321
64790
241
438
10
65183
119
65286
65462
65527
0
376
73
221
110
65297
191
65504
170
65493
84
449
65503
65357
65497
393
65451
205
65471
345
65455
32
65428
467
65528
65444
79
186
137
65189
81
144
109
65244
113
264
32
72
12
248
61
64995
203
65314
231
65067
143
366
132
65098
143
224
208
64778
206
3
256
64865
281
47
147
65370
133
7
65497
65438
123
65511
68
64
51
65362
162
24
165
65468
118
100
123
65273
307
65000
230
20
51
154
186
64905
200
334
85
65523
156
65439
91
111
233
64725
307
65245
49
65268
99
65136
95
92
41
65525
171
65070
129
65453
65474
138
65484
134
263
65156
129
102
104
65149
90
65511
65426
74
149
65145
406
64717
365
65033
387
64911
466
64728
431
65098
302
65180
57
412
71
64871
144
188
135
64923
78
193
65506
65420
133
65190
202
65159
47
304
65533
65347
101
65248
322
64783
406
64924
275
65384
65497
440
65504
65409
196
65049
351
64933
245
131
153
65175
113
404
61
65498
127
122
284
64895
265
65494
91
414
65506
65289
16
65504
52
124
33
65511
207
65041
317
64999
324
64972
358
65096
187
313
65527
307
72
65358
39
470
144
65134
293
65231
271
65148
326
64937
258
65514
65496
306
65410
131
65487
196
65453
228
86
65194
64
561
65426
146
65408
310
65357
40
65524
322
13
94
7
91
16
44
134
202
68
139
0
386
145
65243
315
65057
230
95
257
64973
341
65185
282
64965
112
202
182
64861
158
102
65525
65503
56
65278
68
30
12
101
65516
34
89
64992
67
65468
120
122
196
65163
283
65234
105
65504
9
65502
65529
125
160
65128
338
65026
224
65504
302
64724
400
64920
343
64928
331
65091
278
65302
343
64907
13
347
27
65121
230
65340
125
65333
153
65523
79
40
185
65232
264
65257
315
64880
428
64612
302
65322
320
64593
361
65051
368
64925
213
257
25
190
65469
442
65381
65497
65490
65453
65497
249
65479
65240
231
65176
256
64939
114
65398
65480
93
65400
124
112
65023
299
65259
144
154
152
64970
428
64917
194
98
222
64690
312
65514
92
382
73
65514
50
304
156
65033
160
217
132
64910
84
399
65465
24
65474
42
65494
7
65475
245
65515
65515
7
187
65449
293
149
65164
230
27
101
201
147
65340
136
65364
18
197
65425
376
65531
119
132
68
212
65037
239
65504
106
180
10
351
65482
447
162
64836
312
65534
140
65397
84
130
85
265
53
65498
203
65264
190
1
64
87
47
119
80
126
130
151
57
189
2
215
65528
415
12
248
19
65352
84
65282
258
64911
31
479
65388
264
65489
16
65508
340
4
65331
65530
199
65440
215
65404
203
65460
65201
8
356
220
65068
402
65053
244
65324
294
65370
242
65398
121
71
251
64960
420
64796
388
64982
219
65216
80
150
59
65326
12
385
57
65153
41
251
65412
354
65384
430
65451
65442
132
65155
243
65167
122
65352
206
64938
464
64799
442
64853
287
65391
96
69
103
65257
191
64975
333
64786
349
65292
174
65516
142
65487
188
65236
218
65208
317
64801
168
442
166
65066
412
64966
385
64817
386
65012
337
64911
444
64824
251
65519
131
65228
147
65424
249
64991
345
65203
246
65254
173
65409
302
64830
163
187
24
65338
150
65237
131
144
102
64811
296
64904
163
65473
62
65140
65492
603
65322
399
65469
65230
65526
77
65377
462
65518
64888
321
65253
409
64786
290
65301
358
64869
462
65019
206
191
187
65252
261
65532
94
275
65524
247
20
65378
32
192
65476
256
65502
65508
44
65516
183
65001
303
64935
151
113
109
65265
208
65232
64
243
127
65172
282
65387
208
54
134
65374
193
65044
223
65385
58
181
7
222
234
64930
242
48
262
64735
296
65379
234
65196
227
65519
224
65001
271
65190
221
65461
154
255
171
65018
293
65531
116
313
48
65473
114
72
133
65361
294
65035
364
65042
277
65372
264
65270
264
65276
102
65336
105
65229
129
65325
41
65392
145
252
45
186
65439
213
65313
352
64
64843
226
65050
65506
419
65435
65364
65522
65178
65474
269
124
65394
109
550
65527
116
180
65343
397
64808
388
64920
404
64865
326
65348
223
64857
316
64966
146
172
185
64789
291
64950
65
310
39
65220
183
65335
110
177
127
65135
133
117
67
65421
192
64878
65504
354
139
65087
286
65286
114
271
52
65277
170
65344
118
65457
88
65420
144
34
226
64992
148
235
45
62
217
65037
296
0
158
65469
14
168
128
65279
322
64989
258
65518
262
65120
309
65123
234
65375
325
64980
302
65469
207
65420
127
303
250
64925
390
65238
2
384
65360
198
65378
366
65359
135
255
65044
247
65356
171
65212
157
232
45
65367
65522
216
65481
195
65401
216
65382
3
81
13
321
64863
280
65301
363
64724
400
64887
317
65076
178
357
13
102
132
65450
135
50
65488
356
65535
65509
210
64894
113
351
65443
367
134
64970
181
34
92
65533
118
65399
57
1
51
65462
65515
321
65514
71
167
64877
210
167
239
64930
321
65309
35
309
19
65300
200
65075
160
65412
232
64910
160
417
49
65485
189
65299
218
50
217
65063
166
118
10
65437
114
65235
345
65029
290
65489
179
65463
256
65271
396
64814
439
65095
465
64751
309
65236
315
64875
453
65171
175
170
65470
128
65412
54
65498
65452
235
65428
404
65051
356
65467
207
13
289
64786
160
376
20
65464
65488
338
65315
151
4
159
221
65245
174
386
81
65455
249
65315
155
243
36
19
188
65214
133
58
141
65348
131
120
4
38
17
142
49
199
65512
353
31
65134
212
65373
154
65463
214
64984
269
65254
61
294
68
65268
133
65479
126
65213
70
65519
214
65236
206
110
301
64820
194
65509
2
76
65526
199
65512
194
65512
287
189
64853
411
64916
408
64817
450
64959
338
65154
118
65348
119
65376
280
65132
194
142
260
64877
455
64766
400
65093
322
65411
310
65054
265
129
92
209
182
65299
362
65109
203
65364
52
65067
136
65099
350
65262
365
64917
458
64989
252
65527
65379
65410
166
5
259
64827
250
44
1
14
146
64985
366
65413
117
65304
195
64966
343
65352
306
65140
249
65260
129
65508
222
65184
249
65297
292
65083
261
65286
256
65009
301
64984
324
64841
338
64799
169
21
160
65065
203
65494
139
65335
123
95
235
64837
313
65442
335
65036
190
24
127
64986
311
65178
373
64893
214
227
36
65336
72
65520
82
65251
101
65415
103
65493
188
65209
253
65313
129
497
70
65394
158
65390
129
65246
233
65397
50
372
124
65094
233
14
96
346
139
65248
221
65478
205
65256
314
65166
322
65156
355
65003
191
65519
65513
65451
65368
563
207
65238
140
227
107
65156
265
65529
106
22
150
65203
108
80
72
75
253
64943
208
64961
226
65370
219
65218
29
186
206
64990
442
64989
354
65429
183
65394
216
64820
298
65390
272
64964
278
60
212
65170
270
65111
136
133
65531
201
65451
480
65429
145
65485
375
132
64978
110
413
146
64841
313
65376
282
65100
238
65341
65488
209
65489
383
154
65093
273
65464
121
124
65533
75
110
65018
84
169
16
54
247
64861
210
154
137
65310
250
64810
171
65522
270
65032
352
65515
163
65448
189
64959
235
65474
239
65034
313
65060
341
64897
243
82
129
65494
312
64876
448
65023
172
444
65389
195
65306
146
292
64815
369
65250
204
65201
65532
330
110
65003
304
65083
330
65134
149
18
145
65073
152
381
65428
399
65398
251
53
65494
115
19
113
65439
303
64869
457
64844
229
119
65486
152
79
65479
105
178
273
64942
314
65213
54
488
65510
59
65517
218
17
65266
89
43
192
64934
156
316
162
64989
186
336
65408
371
65424
65523
88
65215
69
65457
139
64946
243
21
187
65388
271
65123
174
65424
65490
501
65516
65302
207
65079
205
200
138
65400
92
34
10
306
107
65415
177
65466
210
65092
170
65306
206
65168
235
65381
143
65458
191
65342
139
172
164
65081
335
65084
237
65495
211
65234
212
65264
65386
83
74
65477
170
5
287
64939
160
162
65468
14
65477
311
65427
419
77
65023
126
307
52
65287
192
65316
166
65004
139
65024
190
65319
214
65208
115
200
16
257
65
225
142
65392
65522
193
51
22
273
64940
342
65297
144
65529
143
64999
297
64872
197
65291
90
65522
210
65040
252
65414
212
65166
330
65082
92
208
65370
65353
6
65382
65531
245
27
65126
44
65493
256
64871
326
65199
354
64834
197
53
141
64794
165
65426
114
65324
268
64994
390
64755
278
65417
268
64740
440
65038
222
117
31
236
65519
198
76
66
85
97
101
4
303
64891
332
65528
170
65430
181
65510
143
194
10
315
65447
65177
44
92
157
65417
254
64943
215
127
27
253
50
65317
174
65154
194
65143
98
74
188
64823
147
117
57
65408
6
241
65331
562
27
65216
225
65201
302
65051
246
65342
281
64795
375
65189
160
65249
261
64981
369
65071
238
65416
3
333
2
65434
65534
509
65440
328
116
65062
243
14
194
65235
214
65510
152
84
65475
49
65385
393
65360
270
65362
293
65471
65213
0
129
50
47
101
147
54
427
65535
37
65486
401
65396
270
65466
134
73
85
31
292
65501
97
66
70
216
65151
331
65050
251
65304
193
65242
240
65075
268
65198
348
64865
237
122
272
64851
349
64828
357
64972
429
64928
158
65503
65331
341
71
192
240
64821
228
367
99
65140
306
64680
272
65310
239
64979
176
99
65530
103
65507
365
65531
122
65534
265
65519
88
65528
65062
73
447
44
65494
277
65114
280
65452
87
169
226
65107
132
100
103
65471
130
117
22
161
175
64885
119
299
114
64833
249
65140
200
65324
307
64946
256
65408
270
65011
169
65394
67
65375
65474
330
65367
173
65424
65521
65487
65479
109
65097
134
193
265
64801
424
64892
286
65103
88
55
65493
16
65529
279
173
64955
189
65503
174
65132
200
81
226
64965
245
65513
234
64954
344
65127
162
232
178
65161
261
65467
118
65454
147
65408
213
59
116
423
194
65168
76
218
196
65092
340
65025
301
65257
310
65019
152
191
65466
569
65487
170
65509
316
67
65140
109
65502
186
65151
260
65063
212
65171
192
65307
65466
164
193
64920
352
65017
375
64999
338
65220
166
65517
219
65181
134
65451
144
65444
126
108
154
64856
242
65467
136
65419
58
182
65521
196
64
65259
156
65467
121
65434
13
260
18
65305
47
293
65503
65286
83
65227
15
65511
65418
74
32
142
252
64890
374
65298
160
385
80
65374
70
117
99
65013
351
64741
244
163
149
65323
286
65120
335
64992
165
196
65516
228
111
65418
231
65426
153
65370
264
65046
206
87
169
65249
288
64962
376
65228
286
65008
126
65165
340
64640
381
65369
282
65012
173
191
206
65044
194
253
175
64669
252
65349
87
65490
65512
309
65523
65524
251
64957
227
202
157
65372
197
180
143
65175
271
65214
213
65352
198
65438
170
34
260
64896
202
274
65
65263
292
64955
309
65078
55
230
67
65367
224
65184
174
65354
91
65425
4
133
6
126
65530
350
65453
65332
93
65288
90
65452
44
65337
65508
418
65303
407
65366
65366
203
64930
363
65317
328
65233
306
64966
271
65004
180
65391
68
79
81
162
167
65164
328
64985
263
65335
186
65427
123
65511
173
65043
294
65101
356
64820
285
65267
159
245
105
65198
278
65377
146
356
65447
173
160
65063
172
65457
132
330
33
139
118
86
56
180
198
65005
383
64993
141
408
19
65437
154
65253
97
65485
152
64992
152
99
150
65215
124
263
88
65090
241
65223
148
158
26
61
101
65438
254
64932
249
156
161
65417
208
65211
165
90
19
151
65439
401
105
64997
222
51
105
65524
77
65516
65494
204
136
64835
245
65470
65410
392
65439
18
65510
97
65491
182
11
65276
65446
246
65350
76
196
65078
391
65041
408
65049
228
159
65487
379
65487
65460
155
65071
229
65318
152
65449
178
65341
88
192
15
19
142
65289
218
65458
128
93
97
89
165
65296
217
65007
338
65092
458
64800
213
65340
9
65192
149
28
113
102
109
65220
281
64915
427
64890
359
65050
241
65497
252
65246
246
65320
131
65532
161
65421
102
65532
69
7
17
177
87
65037
122
64904
99
65290
107
65429
144
65446
157
65466
103
116
138
65290
340
64772
447
64925
346
65187
132
94
18
22
150
64816
213
65428
190
65092
286
64958
195
23
25
65468
29
60
159
65058
65517
320
65431
65405
65525
65465
48
65297
13
84
65399
143
65447
65359
152
65279
241
65406
286
65124
277
65255
80
65467
65451
389
50
64987
186
176
48
25
110
65173
141
66
138
65327
324
64955
303
65379
147
65353
105
65471
184
65232
182
64
97
135
65395
272
65311
228
46
91
114
65354
212
65520
59
245
152
65106
293
65311
277
65168
267
65253
302
64900
356
65067
275
65175
325
64934
296
65461
235
65146
189
65461
92
90
67
318
177
65194
252
14
210
64950
427
64935
324
65148
172
76
95
139
210
65148
197
65520
126
65074
169
65482
2
400
65464
118
65507
307
6
108
127
65046
105
101
65496
268
65457
516
65460
65266
65417
420
65330
438
65449
65493
65386
610
65292
274
65489
65259
156
65065
188
42
155
65418
134
65508
55
65291
36
65502
65465
425
125
64966
131
287
65510
307
165
64747
348
65196
330
65056
230
65516
110
65193
95
267
76
65443
311
65158
141
231
65420
169
19
65320
76
65273
315
65121
442
64772
390
65089
151
238
74
65512
153
65432
155
44
65
361
71
68
164
65309
156
65455
218
65049
310
65207
240
65350
49
200
65443
151
61
65433
162
65401
204
65291
279
65293
208
65490
250
65060
275
65440
118
128
6
286
65429
207
130
64870
230
65210
65535
321
100
64807
159
150
65470
357
65534
65375
158
65291
227
65123
65503
490
65389
33
33
65195
65512
233
65499
65097
89
65324
113
65195
7
192
88
65397
246
65225
147
306
65458
235
65525
65408
108
65257
170
65304
337
64746
305
65071
144
363
30
65512
126
47
82
65442
65533
87
171
64953
361
64930
358
64882
368
64974
110
331
65444
65531
112
39
280
64767
377
65302
271
65146
243
65258
218
65224
194
65462
300
64988
398
64984
357
64921
216
57
96
65493
15
310
72
65515
150
65510
285
64778
321
65298
206
65157
261
65066
229
65514
153
65304
210
65436
298
65076
437
64710
297
65387
184
65237
9
408
65425
269
65474
233
72
65174
11
612
37
65237
116
65392
107
65144
247
65256
275
65078
130
65268
56
65532
65522
65527
65428
142
65395
232
65530
65402
108
65128
85
65189
205
65355
324
64788
400
64875
197
65340
73
65489
155
65181
83
390
5
309
125
65338
219
65210
286
65003
194
25
63
65499
48
65446
6
188
99
38
68
378
228
65042
250
64895
334
65430
169
65515
70
151
78
113
76
168
168
65219
210
7
257
64997
404
65086
436
64958
185
241
126
65022
198
65374
176
65126
270
64998
209
65451
65534
404
16
65491
101
65494
169
65466
86
95
83
65470
306
64792
368
65158
185
148
85
139
237
65014
317
64839
103
208
19
65139
160
31
236
64823
315
65102
83
377
65429
295
106
65363
80
467
65478
65146
94
65365
65504
183
65311
556
65321
127
65393
285
65338
59
65526
207
185
65050
160
416
9
71
65500
422
77
65114
125
169
181
64815
394
65077
329
65093
212
54
158
65296
131
207
121
65323
116
89
231
65009
243
65361
164
65133
161
78
376
65085
494
64987
352
65148
145
95
197
64953
313
65154
272
65301
312
65117
276
65352
301
65101
287
146
120
36
94
65513
81
65525
111
65349
81
150
106
65121
216
65265
264
64824
305
65493
212
65510
113
65448
213
65062
197
370
43
33
93
65481
324
64632
308
30
99
65467
45
191
65512
65485
200
65044
218
65439
85
8
185
65078
168
65527
238
64991
216
65351
65356
699
65331
246
65404
164
65442
65377
65482
65417
65505
65307
38
65425
112
65251
255
65157
259
65283
142
32
175
64914
264
65225
162
65254
153
65505
50
89
147
65270
224
65332
205
65303
300
64849
416
64941
135
141
231
65111
394
65015
111
304
83
65126
285
65105
405
64848
357
65468
210
65192
214
65421
212
65338
296
65182
385
65069
240
41
193
65330
382
64786
338
65232
168
65436
40
141
87
65392
91
73
99
65183
273
65153
133
466
159
64897
450
64985
384
65291
275
65327
371
64663
219
75
181
64907
225
291
56
97
141
65144
377
64943
201
104
196
65045
113
433
65479
10
173
65168
306
65119
197
118
65531
65456
28
65194
65535
65469
65503
65377
65471
123
148
65205
286
67
240
65330
111
65263
165
304
224
65013
363
65062
205
53
66
182
65500
383
65447
209
188
65103
268
65405
210
65494
214
65357
137
348
143
65299
294
65084
328
65072
137
398
96
65062
379
64971
207
266
65435
176
223
65027
319
65230
198
65398
222
65340
361
64962
400
65134
276
65239
306
65008
301
65417
130
17
106
65472
80
67
168
65085
164
42
16
315
198
65043
245
65029
65470
228
65313
108
65516
65292
294
65113
307
188
44
129
94
65489
260
65154
266
65048
247
65092
217
65485
169
65204
197
35
303
64754
320
65357
303
65039
371
65090
173
196
65515
65323
65485
465
65315
268
65275
239
124
64993
423
65270
201
65516
96
65470
65468
82
284
64678
368
65403
246
65501
239
65186
262
65140
260
65037
349
64990
343
65089
307
65258
426
64828
375
65208
362
64719
227
45
292
64962
322
65379
224
65110
251
65399
126
65487
72
65450
63
67
149
65096
238
65534
141
65377
342
64918
371
65339
225
65439
161
65487
182
65367
158
28
196
64967
339
65135
355
64898
240
121
186
65148
303
64941
159
185
65405
489
65341
201
65348
267
65253
380
65157
556
51
65060
395
65241
313
65003
372
65324
121
388
65449
406
65472
100
65517
65524
76
65407
77
201
180
65179
309
65367
187
65458
227
65376
50
54
65453
128
65362
155
65462
236
264
65125
208
39
155
65148
255
65364
97
64865
118
148
133
65234
367
65000
336
65252
206
65294
222
65061
236
65264
78
315
300
64925
417
65306
376
65021
245
59
152
65443
229
65275
229
2
247
65106
264
65443
37
285
20
65186
131
61
65516
137
136
65436
210
65143
360
64999
306
65375
214
65205
212
65391
186
65306
168
65447
84
43
247
65051
242
65429
270
64804
289
65338
128
67
15
226
7
65518
65508
288
65426
214
65443
74
65521
65190
65483
65396
124
65419
423
64895
462
64750
353
65122
260
64819
128
256
65474
115
56
65392
110
65409
152
65171
196
65466
48
239
169
64991
65518
321
65473
65187
42
1
307
64866
250
65485
71
187
116
65262
374
64711
51
207
65443
206
65495
12
289
65036
314
65197
99
199
65421
469
65531
65451
337
64621
448
65097
416
64844
347
65314
190
65500
218
65091
320
65351
331
64930
207
105
220
64843
265
65253
103
65484
74
65314
171
65373
210
65056
210
58
177
65383
167
24
144
65163
225
65407
199
65219
166
87
135
65333
175
65511
48
283
3
76
33
137
93
65234
276
64780
351
65051
328
64927
214
65226
86
65477
65505
379
65473
107
65444
65333
152
62
67
354
67
65393
39
349
147
64960
158
44
157
64891
155
243
18
65513
145
65345
247
65187
65520
452
65361
17
65431
90
161
64976
189
441
58
65439
235
64931
297
65184
127
197
122
65332
68
65498
83
65300
204
30
98
65426
97
65355
30
105
107
65334
93
431
93
16
128
266
98
104
158
65237
271
64988
370
65222
284
65518
136
65480
65520
297
65528
136
65531
65513
43
65420
281
65097
191
65470
147
22
240
65015
222
120
21
278
152
65322
236
65366
252
65084
310
65053
274
65221
212
65141
123
101
55
65483
80
20
11
442
139
65120
200
33
5
223
61
65123
177
65104
132
65314
32
65478
65378
204
113
65386
118
65400
116
65172
210
65196
157
65383
65504
483
138
64864
176
16
202
65183
65
470
65284
222
65454
65198
65471
378
39
62
256
64814
341
65144
234
9
83
180
30
65390
124
65315
208
65168
219
65198
197
175
4
154
38
65345
197
64894
311
65132
321
65025
353
65033
403
65042
387
64977
232
65346
108
254
270
64884
489
64835
252
74
78
65439
53
83
2
65474
65478
378
81
64945
267
65240
281
65164
330
65325
317
65114
347
64890
400
64849
330
65100
180
186
168
65378
107
287
78
65382
195
65273
250
64933
209
65345
229
64925
210
67
110
65341
78
3
65491
351
65437
312
65475
174
65497
65519
65290
273
69
65171
144
65
65503
409
5
47
65519
196
47
65084
185
65399
54
257
103
65066
70
65078
65506
66
65311
429
126
64728
229
305
154
65259
229
65409
304
64759
184
181
83
65380
86
65427
195
64952
148
111
277
64850
274
65207
86
34
65528
140
136
65157
198
166
290
64892
469
64836
350
65443
208
65470
210
65168
304
65297
294
65300
193
65388
281
64878
256
65378
10
128
210
64880
194
210
65530
283
169
64857
407
65005
412
65124
274
65474
89
185
28
261
219
64841
379
64841
320
65223
238
65289
219
65377
68
334
65496
58
93
65287
166
65447
93
109
124
65235
124
65276
97
65152
141
65319
65467
431
65264
99
65436
270
110
65065
273
64777
272
65348
31
259
65491
80
1
257
101
65243
65477
491
65264
318
65304
513
65438
65238
123
407
189
64695
398
64966
225
188
26
229
113
65070
364
64745
43
65524
65487
342
34
65013
202
388
76
65381
21
42
65458
8
65511
166
215
64834
302
67
108
342
246
64804
374
65192
294
65229
344
65065
196
138
149
65274
174
72
96
65346
146
65279
187
65399
175
65367
228
65209
180
239
202
65181
384
64894
238
149
109
65337
293
64771
205
363
65474
325
142
65063
329
65010
278
65230
182
65283
17
158
65480
222
117
65167
273
65015
203
65505
6
193
65385
347
17
65224
65509
437
65348
104
65442
141
65498
464
65455
159
86
65368
152
65290
99
65480
178
64975
215
21
57
96
65460
95
65477
65360
158
65089
269
65415
97
326
63
251
285
64785
222
65
42
170
62
170
22
65535
65475
265
65475
65402
289
64907
259
65467
65493
471
65344
374
2
65350
88
269
252
64891
393
65084
257
26
182
65406
294
64976
285
65445
175
65268
278
65133
219
90
43
194
227
64884
264
83
65531
65424
256
65145
398
64919
289
65502
113
252
167
65080
313
64920
234
243
153
65227
93
26
119
65278
65
459
54
65459
84
220
4
73
53
65490
139
65289
116
67
132
65314
47
342
65406
63
65500
65469
74
65164
91
65329
23
65372
279
64996
300
65415
237
65096
249
65337
141
65484
30
294
126
65082
359
65039
208
178
65505
65237
129
65
266
64805
428
64840
442
64919
341
65255
219
65279
261
64891
322
65215
11
286
42
65377
65435
296
64
55
252
65127
253
64992
174
65157
225
65012
269
65299
293
65032
391
65101
331
65181
261
65404
203
61
154
65370
138
65508
305
64861
421
64955
168
65444
183
65486
169
65438
219
65284
369
64921
372
65271
268
65275
250
65160
200
65477
123
18
288
65037
267
65386
198
65108
111
279
171
64990
327
65013
311
65144
296
65152
316
64884
159
262
65529
65521
150
64970
306
64941
42
384
65378
201
65430
319
65511
65429
23
65320
327
65071
387
65329
284
65347
386
64901
488
64862
434
64786
295
65333
141
88
35
65327
97
65041
223
227
66
104
187
65294
311
65079
231
79
88
184
107
65494
271
65208
205
64917
306
65244
65507
65524
207
64885
335
65263
111
155
65522
97
8
22
156
65158
182
181
192
65199
295
65164
388
64769
456
64907
223
120
176
65050
210
253
277
65117
280
65403
141
65243
234
65271
306
65154
286
65400
224
65242
242
65341
205
65357
238
65055
256
50
273
65055
310
65089
107
312
192
64850
343
65206
179
1
231
65089
382
64869
153
341
113
65092
108
272
65427
548
65532
76
84
65412
65534
63
52
65144
25
120
65478
65364
157
65137
409
64825
291
65421
193
64
271
65147
207
313
61
65200
65476
370
65437
65041
99
330
311
64825
257
27
142
65337
124
71
240
65038
382
64770
357
65044
345
65038
172
65120
138
343
65409
184
48
104
107
65484
132
65013
72
195
65480
239
65508
187
217
64972
240
129
134
65404
138
150
214
65211
223
65419
189
65289
288
65027
375
65065
389
65294
331
65083
288
65438
336
64875
265
38
77
199
162
65101
251
65191
260
65498
335
64846
330
65331
105
413
111
64991
259
65387
179
0
79
112
164
65153
98
374
65497
87
168
65182
275
65065
240
65129
284
65107
252
65408
135
65288
65534
281
65383
241
65295
571
65368
65524
74
319
163
64994
358
65080
181
299
56
8
65430
554
65323
65197
42
501
307
64870
367
65319
251
65153
192
65362
154
138
220
65097
191
127
55
184
91
65505
193
65042
315
65179
238
64991
297
65134
89
383
65414
472
42
65000
195
65179
168
90
285
64993
326
65295
226
65153
169
14
222
65132
229
46
143
65315
201
65397
265
65082
405
64887
337
65059
370
64872
258
61
151
65343
329
64751
244
173
97
65492
230
64956
238
65530
248
65072
327
64935
210
168
165
65240
222
65385
248
65068
145
183
0
121
150
65041
275
65169
151
14
171
65168
306
65233
322
65111
115
224
65527
65449
65448
341
65460
65184
65432
332
2
52
179
65248
256
65361
334
64884
211
123
171
64856
213
105
402
64788
415
65151
256
65498
101
51
194
65133
388
64869
291
65393
122
65381
188
65130
210
65303
62
93
223
65189
112
65497
65515
359
149
64936
281
65064
68
426
27
65479
359
64681
454
65010
290
65474
156
65465
167
65409
284
65134
380
64851
249
65294
103
152
108
65326
140
88
54
156
19
256
89
0
212
65268
206
171
90
65449
101
65434
39
222
157
64873
184
278
130
65298
306
64858
269
65471
266
65055
306
65330
175
65525
223
64942
241
65521
44
412
65481
312
75
65252
266
65200
304
65253
130
65472
98
65228
81
65487
65480
154
65476
65342
192
64929
265
65460
223
64897
308
65144
323
64965
212
226
280
64838
399
64968
231
210
235
64890
338
65377
179
60
213
65200
198
65369
51
207
110
65457
116
195
129
65073
146
100
65375
65182
65441
65351
97
65283
116
65016
155
64810
230
65029
265
65370
141
15
230
64837
246
65325
292
64687
325
65149
123
198
48
65329
99
65259
60
65515
61
65448
104
65275
123
65183
245
64831
377
64873
374
64739
242
65255
183
64983
81
48
65434
284
70
64923
186
65296
43
111
133
64919
258
65131
232
65037
278
64788
244
65222
185
65027
244
64739
294
64740
75
179
27
65100
178
65106
65512
177
65447
65220
65430
70
65372
65267
65335
40
65314
18
45
38
65484
271
65434
218
91
65010
169
65342
23
65472
38
115
188
64819
292
65237
341
64712
283
65190
143
65102
115
112
131
65017
339
64773
277
65092
