73962
109751
107218
109505
119277
126287
109057
72929
42975
34570
38381
39686
42112
47430
54278
59895
63267
65069
65778
66483
67435
67979
67887
67843
68067
68400
67429
67160
66167
67346
67242
67822
66449
65448
64133
63670
63088
60895
55130
50914
61396
83735
102462
109067
107736
107449
106455
105740
105353
117306
166629
210412
187318
118106
58646
54217
57526
58382
58665
59975
61196
57878
53119
32066
109981
163689
161694
167281
180261
187402
159356
106763
63965
51372
56773
58627
62144
70117
80445
88769
93910
96887
98061
98958
100100
100799
100672
100478
100578
100921
99910
99716
98500
100476
100879
101833
99478
97468
95229
94513
93837
91464
83736
76016
86985
118126
150129
166076
167411
165826
162939
159551
157313
167162
224457
297219
295168
209059
111833
80131
84878
87689
89302
92519
89873
76924
61782
34532
108542
162698
165165
173651
182737
183805
152184
102330
61665
49637
55122
57061
60332
68485
78958
86985
91683
94595
95910
96765
97551
97791
97743
97824
96898
95602
94068
94448
94617
96670
98050
99570
97680
95537
92950
92075
91841
90609
84627
74891
78860
105722
142683
167342
173498
170976
166678
161130
157112
154893
182598
257791
308333
267276
164551
91306
81304
87200
90815
89828
78292
55064
31245
12958
110682
167900
174261
181957
184161
179138
146822
100507
61312
49225
54780
56538
59513
67335
77474
85462
90022
92256
93285
93869
94811
95065
95154
95568
93777
91024
88356
88046
88155
90414
93867
97757
97010
94768
91600
90520
90083
89299
84546
75090
74950
97119
133645
162620
172965
171509
167455
162550
158838
154262
157092
208181
289294
309582
232960
128760
81746
86149
88183
77715
55511
31245
17057
8211
114326
174624
179215
182058
179382
174596
144504
99230
59807
47993
54195
56002
59020
66693
76550
84040
87850
89238
90256
90756
92094
92445
92557
92781
91106
89328
90024
94648
98549
98130
94954
93173
91892
91944
90724
89961
89004
87555
83108
74589
73187
91583
123394
152049
164342
165820
163598
160987
158495
154138
146031
164992
243395
316077
293883
189221
99988
77998
73460
53344
31168
17106
12974
8312
118548
177796
173423
169783
168980
172253
145352
98874
58666
46681
53100
55402
58870
66351
75770
82646
86243
87847
88890
88944
90086
90859
92337
96668
101425
109360
120902
138066
150313
153530
145976
131017
109687
94676
88447
89393
88390
85705
80875
73055
71512
87779
114584
140703
153650
157970
158006
155988
153127
147753
138874
137388
188857
283487
325462
259276
145177
72788
48985
29715
17296
13499
13206
7945
122005
171809
153269
146895
157703
173849
148362
98921
57137
44157
50915
54167
58392
65917
74764
80960
84279
86133
87772
89694
93917
95174
97883
103191
113874
128819
149522
176808
199000
210020
208928
198952
172955
136143
103526
87675
84646
82736
77588
70122
68985
85404
109727
132813
143740
149052
149665
146776
142446
137045
130463
124735
146245
226537
316524
309293
201327
78933
25267
16284
13572
13815
12732
7636
121544
155507
124318
123214
151757
177292
150270
98128
54971
41559
48668
52853
57161
64173
72121
78264
82019
84346
87814
89660
93837
93522
98772
107001
121012
138652
163548
197762
229640
253680
266005
266669
248683
211427
159945
111983
83565
74180
72494
66566
66170
84485
109622
130210
136060
138926
139728
137193
132983
128741
125206
122412
125840
174170
268559
285352
201223
69672
12615
12585
13581
13218
11932
7500
110953
130400
94564
106927
151191
179670
150318
96072
52983
39913
47498
51659
55709
62222
69464
75185
78799
82500
86458
86811
89041
89153
97023
104370
115401
127551
148004
179374
216876
250401
276690
295135
300982
282884
242844
188547
131486
90152
67039
61531
63012
84348
113079
133683
130700
124340
123877
126643
128404
125497
124200
123301
124049
144509
194766
196396
136891
48920
10306
13092
13595
13376
18908
14325
88519
100286
70725
99325
152098
179901
149278
94004
51535
39587
47588
51628
55316
61091
68002
73810
77657
81279
82552
79880
78719
80245
88745
97907
107452
117369
133901
165051
208999
249183
275179
290530
308145
323847
320168
292872
226887
146118
81942
54040
59427
83617
115713
138093
126616
105553
101081
111583
125500
125585
124631
124452
128743
128478
126386
92922
55099
19133
11809
13159
14600
19288
40244
34574
60736
71318
57576
97435
151637
178970
148694
93439
51588
40302
48172
51711
55422
61207
68257
73999
77651
79250
76901
73626
73110
77362
85559
96700
107975
117935
129127
154909
195890
237607
271225
297134
320362
338710
352368
359934
329033
236412
129904
59623
52240
81858
116997
141781
125774
89773
75797
90886
118212
125738
124342
125139
127585
111486
74679
34713
13832
11801
12910
13777
20040
38377
74820
64229
39433
51058
53031
96590
149520
177265
148206
93474
51763
40565
48034
51570
55217
61382
68447
75122
77882
76420
71645
70139
72822
79258
87495
99420
111315
119521
125777
145735
185491
235524
278429
308866
329747
344938
355781
372469
375231
321374
220433
111089
64026
76570
115442
142566
126583
82033
54554
65917
101881
120647
123165
124505
116094
84783
44439
17598
11922
13100
12933
16694
35026
69127
116433
93730
29537
41867
53375
95581
146626
174871
147592
94161
52287
40580
47839
51317
54845
61140
68236
80387
80145
77107
67602
69100
73938
82563
94071
106997
116611
118276
122625
147757
195251
248073
288148
315280
333806
344032
350989
359227
374199
362791
312229
202295
112380
82508
111691
142402
128092
81531
42352
40927
78996
111770
126778
121634
95028
56223
23920
12651
13516
13259
13679
28679
60053
107348
148552
112784
27336
39535
53160
94045
144218
173232
147372
94679
51984
39251
46439
50649
54499
59931
70668
92094
89172
82470
63723
69154
76324
88258
101209
110747
112605
114892
133622
172315
222722
264494
294605
311762
324666
334210
344329
351950
360769
372445
369568
301497
187679
113035
107715
141518
128673
82561
36172
33816
93819
162007
201898
163823
97575
34764
13855
13491
14193
12901
21919
50525
95245
139903
170239
121670
28018
40448
53063
93496
143591
173568
147934
94609
50849
37814
45352
49998
53868
57556
79956
108539
104503
86033
60433
70311
79097
90869
100859
105134
112108
128035
161787
203949
243383
270562
286659
298353
311702
324300
336293
344270
351275
360582
377993
358061
261318
165975
117573
139384
128078
81245
51714
77129
165841
249008
298340
230562
128699
31328
10929
13949
13406
17111
41015
83374
130110
162841
177995
122843
29522
42536
53626
93409
144214
176227
150918
96099
51027
37737
45475
50179
54010
56125
94999
122064
118545
82957
59399
71226
80628
90283
95756
103587
119843
150779
190831
225612
248542
261910
272205
283789
296099
309835
323353
331830
336141
343749
357140
369146
313587
233139
158765
142831
128881
109330
119373
179152
267892
336772
380868
294044
168297
38086
9900
13180
12858
29847
69306
118733
156595
173358
178188
119136
31661
45944
56239
94929
146606
181071
156570
99693
52404
38843
46757
50628
53671
55557
109498
129195
126087
74708
58351
69655
78358
85850
94257
108781
134295
167188
199000
222217
237013
248591
256004
263723
273606
289277
304193
311442
313354
321527
333305
349958
331608
280745
210742
173067
165893
183003
222820
281868
335740
364889
391746
307203
180895
42272
8664
11727
18677
52053
101354
148055
170284
175680
174717
115447
33248
48395
58379
97497
150863
188152
164003
104926
54558
39637
47098
50295
52549
57010
122282
138928
134983
71804
58759
67286
76044
87936
101537
121280
140810
163451
189337
211575
227583
233672
237762
242860
253544
269114
282699
288955
291292
299350
306928
313996
313835
295049
256615
230899
233364
271706
308032
339536
348981
357556
372961
285060
162815
32459
9236
14209
35323
80593
131228
165879
175260
175205
171615
113542
33043
48336
58841
99561
154649
193288
168556
107748
55677
39850
46754
49309
50155
58668
130427
152188
149331
79424
61511
64918
77519
93859
110625
126125
137483
152368
174032
195339
211162
216441
222941
226108
232049
241142
253257
264577
271639
277428
276577
275056
276411
286178
282544
288669
300116
326798
341475
344035
327439
327313
326095
240279
127316
18919
10749
23972
60577
111417
155138
174413
177991
175573
172592
114381
31902
46912
58454
101420
157576
196065
170411
108947
56563
39816
46058
48403
47846
60806
136426
167863
167548
94451
68829
69599
84505
102211
114180
123776
132262
142888
160804
178344
193393
200093
205358
206568
210594
217121
228041
240360
246384
247769
244247
248708
262226
284266
301779
317817
327757
336908
343877
332422
296051
279217
256279
181792
85645
10840
16288
43538
90242
139648
168526
177812
178139
176289
174599
116083
31416
46566
58930
102605
158546
196422
171129
109620
57392
39635
45811
47975
46122
62578
142821
185710
191417
116744
83435
77609
90936
105062
111800
118395
125489
134853
144879
153023
161115
167795
173927
178773
183188
189757
194737
201748
207132
218135
233095
254454
276693
297100
312627
323780
332439
342229
345596
307061
243172
217648
182722
129954
46142
9783
28553
68028
119084
159081
173785
177740
175973
175834
174480
116167
32157
47984
61045
104979
160530
198150
173121
110983
57725
38937
45497
47823
45081
61623
148286
202530
211421
134603
92488
83952
92691
102993
107640
110750
117445
123861
128341
124172
118400
125591
131714
138485
135276
134633
130838
140133
167774
211086
250936
281196
300130
311833
319688
330265
335678
330183
299838
233515
186842
175500
144349
89715
21623
14827
46397
94380
144819
170664
176494
175723
173124
172896
171751
114271
33694
50304
63054
106839
161937
199585
174760
112032
57780
38191
45228
47845
45354
56865
147631
213165
226342
150475
97311
88305
91222
100263
103074
105551
108737
111308
105878
90677
74225
80281
86436
95579
85905
80521
82281
112746
170786
235563
279775
302157
308547
315112
320997
321568
296091
257189
209172
172811
153983
144602
102145
53881
12023
26079
67788
121217
164275
178850
179759
175824
172508
171078
169301
112484
35540
52279
63966
107201
161774
199284
174874
112628
58117
37912
45102
48014
46882
50029
131312
207456
231672
166567
102024
89127
89436
95049
97307
99110
98622
91192
76839
58055
45655
51258
58733
60991
50005
50130
78987
136746
206887
261069
287816
299511
304585
303094
284479
255937
218936
185989
160425
147111
136947
105174
60566
24205
13111
41806
90842
147253
179154
187767
184356
178840
174279
171507
168739
111745
37168
53424
62805
105158
159821
198534
175008
113199
58374
37382
44272
47290
47858
46558
102846
186687
227451
188243
116019
91679
88840
91754
92263
89136
80603
64734
51131
36753
31739
31685
39543
45389
52635
82767
142036
208013
253114
268880
276434
285248
288950
260066
213139
164028
143146
143206
148240
145032
107415
59872
22694
11406
21179
58588
114578
167512
190573
193860
188218
182876
177941
174448
170173
112056
38325
53806
60692
101747
157425
198719
176509
114279
58330
36677
43523
46769
48442
48616
74944
158084
217905
207246
135301
89028
87075
88232
84397
72347
58571
41071
34320
24786
25721
23112
30653
41145
72070
132068
202341
251095
262355
257032
262263
275784
284528
230507
153472
90858
105104
136773
144733
107241
57613
23881
11972
13710
31735
75432
136238
180514
198503
196710
191479
186650
181762
177648
171962
112721
38587
53401
58629
98595
155389
199139
178279
115469
58642
36672
43802
47140
49209
53086
58508
135476
199587
205770
137829
82512
84575
81382
70109
49160
36479
26495
29348
29382
27077
23002
30650
59271
113820
184046
235697
256232
246006
245391
260359
282340
293615
229484
141030
70644
89478
111299
97113
48762
20457
13578
13225
18375
46729
94250
150719
184510
198953
196462
193114
189433
184810
179975
173353
113323
37933
52481
57300
96605
154065
199506
180331
117561
60067
37921
45385
48851
51974
58520
58090
115888
172174
179589
129095
76665
76335
65169
48372
31227
24233
21256
27663
33547
30918
37288
61476
104497
163997
213497
238878
233617
220940
237793
267869
298081
318546
271279
172673
77921
71037
76184
62912
19976
13904
15485
13451
27952
66495
118805
161018
180903
187581
187378
188437
187951
185149
180075
172475
112674
36791
51076
56069
95448
153967
200383
182136
119173
61909
39836
47508
50829
54360
61038
63318
99424
136450
140024
112404
72433
65079
44194
30831
20949
19063
18802
24336
33740
40154
65693
114408
165517
213410
228457
227461
211080
206997
237936
276170
311582
335345
307688
206273
94078
60129
62323
59560
21439
15951
15677
16201
42280
90565
144568
173024
181849
180696
178676
177623
176362
175289
172863
168187
110861
35407
49606
54996
95197
154637
202405
184358
120872
62793
40881
48652
52265
55962
62258
70119
87455
105898
109422
97324
69677
51419
30718
24063
19317
18963
18280
22394
33402
59645
106719
172455
215605
228487
208055
189238
186332
201750
238295
275230
308177
334389
323437
228298
109032
55813
57740
60640
28234
16786
15583
22963
58304
113793
162985
183034
185093
180783
176348
171702
167419
164642
161766
158158
104716
35063
49097
54284
94176
154409
203703
186362
122283
63557
41340
48828
52404
54215
60631
77421
89049
93912
89660
78375
60079
42353
28418
25949
19868
19304
19290
22958
46557
99753
161208
215825
222318
202612
160842
134036
141082
171450
218767
259424
289156
298671
273624
188624
91497
50191
56322
60628
34809
16577
15794
33011
75100
132978
171729
186960
187650
185333
179452
171791
165379
161358
157144
150720
98651
34299
47823
52568
92581
153839
204651
187993
123192
63362
40268
47211
49807
58561
74489
101428
109655
96500
77921
58162
51107
39338
32008
26463
22119
20232
20398
33112
79533
158579
213296
220078
176676
127704
95103
78301
96884
129803
183861
237629
256679
235830
179692
114431
56313
41242
57251
61542
40184
15664
17488
45227
93039
147112
172685
180348
180375
181752
179861
175145
170219
164622
156778
145356
93294
33458
45702
49119
89769
153522
207005
190455
124477
63783
40192
46713
46368
63988
98436
130128
121845
84908
55136
41132
44515
39197
34440
23834
22064
19000
21819
53682
127035
213283
232841
186629
107605
70265
84537
84878
90311
88712
150294
217643
218833
169573
96203
57153
29511
32274
58692
62958
44062
14679
22549
59332
112328
157539
172296
172417
170658
172030
171774
170257
167750
161741
152197
142328
91982
32856
43630
45375
87007
153977
210787
194521
127279
65538
42586
48827
50457
76745
122306
140545
117176
65782
42124
35820
49294
47483
38953
20439
18521
17229
33157
91583
175771
230040
207887
135153
71752
55412
100653
116222
113736
85307
140661
207603
200776
142536
71361
48753
25946
27810
61319
65531
48192
14910
31317
75554
130322
163898
170514
167860
167137
167613
165185
160884
155236
151257
154368
166147
116452
32024
41401
41464
83778
153472
214599
199813
131776
68416
44991
56415
65912
83937
108446
104943
85477
49037
37505
36342
54365
55595
43296
20087
12583
19410
59238
137513
197223
202101
154930
114210
91904
97382
141616
155233
141311
95986
141353
207085
207595
153566
85543
61458
31615
27252
64665
68498
52986
16779
42625
92131
143990
166566
167746
164487
163904
162396
157471
149904
151725
166708
191839
216932
151876
29742
37850
37546
80433
151587
215391
202810
134892
70595
49388
66997
82635
86078
81319
66398
62207
47014
39451
36652
56043
64118
48518
23681
12667
34906
103728
168228
185624
143605
115642
121700
139653
152054
168386
170331
147167
108397
140629
210779
231059
184130
104683
66601
34538
28549
66743
69332
56236
20881
55213
108933
154160
167937
165473
162587
161333
157142
148847
149448
173119
213115
251212
274808
189001
24797
31538
32579
76918
148271
212336
200889
133989
70840
50008
70317
83650
75514
52462
43791
48763
46888
33476
29004
41494
57112
50239
33573
23862
68415
141356
169893
137833
92736
96032
131822
165845
185987
192742
178917
149719
111974
133864
211373
241509
204387
116601
71197
39814
27538
66014
69131
59019
29186
70434
126625
163327
168779
163041
158777
155892
148838
144909
166502
214444
269782
301447
313327
210015
21100
26775
29301
74053
143964
206214
194954
130178
72179
57212
74173
79721
65469
50041
53589
55986
47720
25314
21023
30392
56691
59253
48985
46854
106444
156041
140123
85829
63491
92052
127914
165354
194255
203493
182471
146791
106940
121416
203314
237458
214483
125407
75588
42142
24278
63430
68578
62377
42370
86970
142926
170190
169048
161817
156294
151122
142666
154409
199284
260629
308009
326652
333924
224275
19708
24504
26799
71227
140235
201936
191423
128562
74393
58936
68333
68400
54777
49934
58859
60870
49557
23719
17710
27329
52527
57321
56580
74918
126201
133810
93483
48513
57274
88294
116352
146820
173835
183692
164156
131433
98446
108579
193444
226362
214272
122909
70550
38083
19311
59473
69021
69256
60746
104082
155258
172322
166955
160612
155157
147154
144214
178045
236342
295806
327362
342948
353338
238020
19963
24546
27381
71660
139412
200187
190449
129695
75553
58297
62897
62883
51677
51879
61384
69344
58321
33845
20557
33452
47649
53421
75542
109767
130623
94993
51749
35336
58919
83605
107735
130471
152254
162419
147886
118922
87983
90437
167034
199453
197030
112544
60928
31314
15535
54215
68667
78267
81908
119984
162289
170069
163872
159328
154228
143924
154483
205868
270016
322006
342464
359000
365782
244571
19763
24981
31875
77701
143637
201295
191739
132471
74314
52456
52934
53073
44629
47400
57430
72309
66277
50326
29189
39629
48054
60186
97263
116015
104579
53053
28578
39496
61769
80823
101117
119100
137505
148913
142175
120555
100232
108693
170550
189653
175479
96467
49555
24925
15342
48393
67127
87597
103054
134758
165886
166721
160719
157442
152711
142968
170638
229937
299707
340493
356198
368071
371908
248302
18220
24188
37022
85043
148990
202323
192798
134394
74380
50981
51836
52578
42027
41802
46910
64980
71674
64125
40966
50831
72290
94325
116911
98769
72456
27587
26417
43577
64206
80015
97374
111698
126819
138499
139932
128974
131215
156045
199411
191415
149902
76816
37725
20803
17379
41528
64147
94303
120684
146522
166946
164098
157915
154724
148773
142936
184482
249909
323735
353570
365669
373076
376722
252435
15644
21898
39605
90469
154579
205776
195137
136515
77515
54675
54456
50525
35065
36926
41202
56703
68464
67693
69979
96420
125493
128832
102020
59878
35016
16590
28386
42540
63465
78285
94538
105711
113798
119360
122025
120992
137902
170175
197257
176849
120199
59045
27075
20419
20458
35561
61867
98738
134163
154269
166422
161995
156551
153488
145982
144184
195480
269244
343471
365290
372650
378158
382959
256938
12900
19361
39571
92777
159469
210939
200024
142325
84500
60598
56714
47492
30544
39243
45179
56922
62462
66966
94738
133939
157532
130509
73267
31985
17871
16176
26121
37340
57604
73190
89892
101453
105462
102734
97539
102167
130363
161224
174260
144233
89052
41825
18979
20709
22203
30996
62856
104081
146226
160500
167462
162318
157039
153461
144125
146620
207831
289594
361498
376044
379125
383668
386364
258263
10541
17724
38597
92703
161539
214506
204372
144210
88278
59988
57281
41802
30482
48351
61668
70931
65010
73830
120247
161935
159482
105195
42450
19774
15134
17316
23530
30856
47657
63140
81271
95568
100747
95191
84493
84554
99339
116517
120123
97054
57572
26769
15584
21917
24189
29817
66713
110878
156974
166213
170469
165695
160624
155282
142770
148915
221229
309292
379897
386677
385912
385415
383205
254596
8960
18487
39769
92318
159738
212562
204941
142828
86703
54664
53073
37111
30602
53710
74195
86985
75398
79518
122874
143213
128782
67027
26459
14316
15126
16753
20394
24757
35722
49723
68554
87581
100189
101795
97446
102515
117921
130067
117329
79585
39836
17320
16174
23651
26730
30616
71439
117904
166567
171712
173969
169436
164102
157260
141190
151884
234299
326698
394506
392844
389478
384847
379632
251429
7927
18852
40054
90787
155937
208536
202844
137142
79875
43545
46678
32904
30755
51426
70280
88624
85552
91306
114135
110329
84607
38583
16273
15341
15182
15947
17819
20378
25652
34455
50553
70995
91592
106451
119195
132338
142193
138815
105437
60992
25672
14674
18830
26514
30369
33208
75219
121516
169555
171724
173561
170388
165265
156956
137864
157012
246854
341437
402265
394306
387844
373547
350469
225384
7063
17670
38595
88928
152415
203896
197220
141814
86355
49889
41411
27531
24680
47353
64076
85037
84842
96147
109711
91433
60182
24617
15416
16690
14679
14546
15624
17537
20185
25884
39997
60849
83694
105392
129331
153367
167554
160021
114104
61886
22180
14392
19807
29236
34455
37156
77366
114645
153046
149698
155466
159117
158944
152973
134131
167654
259202
353340
398078
383561
357745
310295
253241
149330
11098
18841
32032
80693
144944
198600
197319
150324
96267
53099
37724
24655
24169
42958
57517
79091
85063
99283
99658
87292
57993
35546
19280
17697
15158
14076
14955
16518
18684
25829
41410
62603
83859
104481
127606
147973
167216
179967
169438
136750
85599
44631
26205
28744
36267
40613
77366
106953
133328
122572
124644
127999
130652
129756
119063
172986
264389
357239
384094
352103
289048
205792
133879
70415
33006
39847
32513
70046
133120
191739
194619
157676
104977
57926
35885
25898
31257
43337
57314
72344
77565
89042
100004
101773
78937
49501
25676
18276
15939
14621
15337
16839
19287
31259
50098
72020
88705
103185
117936
133122
159949
199787
227473
226242
191868
137289
81317
45772
33056
40582
76295
104951
125479
112162
108268
105588
102680
102127
96646
167219
260496
355695
353327
285956
187473
96894
45706
20020
64794
78820
52815
68916
125286
188696
199876
165743
105885
51925
26672
26210
34407
37068
47950
58494
65214
72516
90125
103879
97341
66107
38172
20439
16757
16111
16489
19860
21667
36907
56156
80159
95183
105779
114715
127575
159012
211307
262591
290705
284970
249149
181279
103968
47739
36296
75850
113350
137078
126478
114884
103106
92483
88350
88808
170643
267459
351211
305727
205017
100525
48689
36087
25922
84962
115519
88066
82992
125112
191783
202452
165585
98676
46306
20482
25103
34240
32487
37170
40523
47349
59384
85230
104384
105341
81003
51922
28896
15999
17153
17001
24615
26394
40926
56140
79917
96307
105852
114424
129468
159193
201059
241653
278955
310615
323187
290538
196322
96331
44996
75246
121490
149003
144332
134466
122219
106771
97373
106804
195323
293037
340604
250594
133046
55628
44100
48238
32878
82292
131305
118106
102345
129278
197903
208835
166210
93500
41495
14204
21596
29550
29895
30323
28029
37115
49078
78619
102551
108750
98555
63219
40883
15543
17677
16878
28440
31440
45647
58236
82105
98685
107204
116224
131043
154661
185737
218704
254689
292369
331542
348687
290368
169296
78326
76910
126473
152352
148233
140443
131634
119962
125422
162029
256445
331351
315001
197478
89705
47458
53215
55035
36518
66975
128561
129619
115358
131490
202384
211420
157909
82837
32360
12377
22405
31822
32522
26652
20688
31193
43287
71864
100149
112906
112549
72668
47006
15070
16701
17666
33784
39046
51643
61703
84839
100454
106683
114646
127196
146638
171665
202468
238939
279253
319860
358805
348212
238847
132172
87778
129077
152701
147000
138931
128957
124825
163214
230568
322802
345299
271397
150316
66587
52559
57382
56514
38035
56968
124191
130589
120948
131456
201682
211056
154006
79149
28364
12175
22947
31555
32278
23488
17104
25261
37943
69492
94306
108520
102404
72604
49400
22430
18937
21849
41263
48027
57937
65336
88716
101732
105832
110970
121325
138636
160816
189942
226525
268895
311599
349357
371170
286316
185736
112869
131541
152773
145166
136925
124745
131644
201476
290535
367072
327824
221451
108736
56292
54851
57160
54756
37479
48855
118959
128454
124308
131586
199802
211876
153582
78487
26495
13109
21836
26857
26889
19786
16609
21475
35095
65851
87839
101075
83899
60985
38897
24133
20394
28720
50845
57452
64864
71484
95298
105046
105983
107674
115604
131345
151634
178029
212946
256082
300539
337805
369645
320305
227705
147491
133384
151957
145780
138558
125624
137410
212722
307218
363671
288590
174150
76359
51335
53385
55165
54179
36485
41621
113978
127326
127562
131146
195116
209868
154420
80104
28670
14292
18373
21044
21011
18638
18023
23279
35741
58547
70104
81173
63393
49701
29976
22427
22462
36746
56847
61765
68309
79009
102614
109148
108249
106948
112183
125572
143799
166818
198592
240730
286165
326343
359709
345949
261100
172302
119614
130536
136290
138118
133415
140073
192022
283400
321979
249326
132907
56130
48592
50520
53248
51693
33635
35007
111373
129838
133569
131982
191762
209825
155846
81418
29665
14743
17107
19263
19618
18182
17766
24943
43581
58635
64141
62522
47447
33298
16449
15271
25413
45194
58092
62392
70367
88735
107839
112230
110584
107603
110002
120066
136308
157006
184851
223768
269027
313559
349283
362474
288882
188845
100889
90971
101114
108253
119748
134227
181760
265897
277876
207200
92014
44051
45969
49531
52765
48533
30450
34559
116409
139770
144154
136116
189294
209135
155283
80288
29162
14486
16223
18577
19854
18218
16865
21581
42137
60391
66502
57794
39335
25246
12344
15968
32853
50059
55884
61731
75671
97394
109662
113453
112932
109682
109304
115404
128662
146943
171541
206388
250631
298345
338329
367652
314558
205967
97120
57507
65277
67392
93585
136621
203947
265368
233364
153018
57240
39726
45749
50709
52522
44877
26078
41974
128643
155521
156233
143343
189785
210833
154696
77570
26429
14087
15266
17999
20244
19746
18369
19969
37306
59162
68756
52087
27867
12262
12098
22130
38103
48599
53402
65590
84765
103052
109383
113235
114394
112532
110376
112281
121833
137345
159528
189545
230456
278379
323213
360355
336444
232009
119972
49252
45242
36045
67900
146082
225656
246305
169344
90001
37909
40366
46525
52066
52603
43830
22767
44554
130175
161484
161932
150436
191262
213467
153855
74416
23503
14536
16102
18778
22561
26552
25688
24456
29613
54506
65280
54516
25997
10340
13735
24863
39805
49689
60165
74925
93211
104465
108854
113023
116749
117373
115201
113521
118100
129520
148751
175161
212223
257666
304660
345429
352729
262965
156309
65247
53611
42939
66697
138768
190406
177676
98490
51367
36722
42724
47630
54730
53971
42000
19384
38543
125040
169581
174908
162400
192168
213083
149382
69092
19631
15572
17892
21857
25665
35363
36304
37074
32243
46528
52698
44937
23768
12267
20847
34469
48253
59362
71719
84601
96283
102746
107692
112003
117254
120390
120817
118831
120096
127201
142082
164486
196502
237774
283903
327225
355945
288698
183812
82710
62132
63769
75732
113430
125152
101556
53164
38132
40582
43911
52971
59659
54087
36163
15819
25671
117154
181491
196583
178593
192665
209836
142640
62781
16668
17844
21315
28137
30916
42656
44072
47254
38516
42757
45521
40916
27221
20784
30881
46162
61447
73651
83677
90111
95490
100197
105110
109680
116215
121229
124230
124527
125698
130714
141177
159960
186621
222652
265192
308802
347908
310668
208507
104418
64795
77306
82095
87733
78816
63575
45215
42566
43248
52086
62108
62738
46471
29558
15533
12993
77870
129466
143180
127170
128897
138010
92322
39306
10393
12491
15147
20834
21909
29970
31507
34795
27753
25223
26456
24834
19689
17322
25927
38661
48866
54553
58329
60385
63254
65931
69123
72035
76384
80210
83480
85192
86599
89292
94580
105503
121303
143570
170460
199331
227308
213592
146812
77671
44023
54851
56010
52566
47284
40524
34688
28648
28324
37547
45714
42852
27194
16982
10444